{
  "frames": [
    {
      "file_path": "db/extracted_0065.png",
      "sharpness": 7.769138621370288,
      "transform_matrix": [
        [
          0.019878203234093117,
          -0.0010827691734425471,
          0.9998018226864319,
          4.300711991532531
        ],
        [
          0.9996431466032177,
          -0.01782678061602257,
          -0.01989435452799559,
          -0.5865383468450774
        ],
        [
          0.017844788746338967,
          0.999840504032416,
          0.0007280184154901851,
          0.06957578161082593
        ],
        [
          0.0,
          0.0,
          0.0,
          1.0
        ]
      ],
      "w": 1920.0,
      "h": 1080.0,
      "fl_x": 1878.8650575483803,
      "fl_y": 1878.8650575483803,
      "k1": -0.36697263470310587,
      "k2": 0,
      "k3": 0,
      "k4": 0,
      "p1": 0,
      "p2": 0,
      "cx": 960.0,
      "cy": 540.0,
      "is_fisheye": false,
      "camera_angle_x": 0.9447332227494981,
      "camera_angle_y": 0.5597288542714239,
      "fovx": 54.12922642933893,
      "fovy": 32.070101021445694
    },
    {
      "file_path": "db/extracted_0066.png",
      "sharpness": 8.460139127759522,
      "transform_matrix": [
        [
          0.020650206796668742,
          -0.0027291153347061116,
          0.9997830369078858,
          3.645209020799556
        ],
        [
          0.9996785933537002,
          -0.014653144575151133,
          -0.020688048347458014,
          -0.661980142990503
        ],
        [
          0.014706425453585102,
          0.9998889124715603,
          0.0024256477132006634,
          0.15479198110686312
        ],
        [
          0.0,
          0.0,
          0.0,
          1.0
        ]
      ],
      "w": 1920.0,
      "h": 1080.0,
      "fl_x": 1878.8650575483803,
      "fl_y": 1878.8650575483803,
      "k1": -0.36697263470310587,
      "k2": 0,
      "k3": 0,
      "k4": 0,
      "p1": 0,
      "p2": 0,
      "cx": 960.0,
      "cy": 540.0,
      "is_fisheye": false,
      "camera_angle_x": 0.9447332227494981,
      "camera_angle_y": 0.5597288542714239,
      "fovx": 54.12922642933893,
      "fovy": 32.070101021445694
    },
    {
      "file_path": "db/extracted_0067.png",
      "sharpness": 7.916459369953971,
      "transform_matrix": [
        [
          -0.07617645111374916,
          -0.001483439510657154,
          0.9970932492515148,
          3.577716285494403
        ],
        [
          0.9970298267530839,
          -0.01148977455533315,
          0.07615451165481513,
          -0.3190375272893637
        ],
        [
          0.011343406033040952,
          0.9999328899920715,
          0.0023542836880315176,
          0.16524422224159777
        ],
        [
          0.0,
          0.0,
          0.0,
          1.0
        ]
      ],
      "w": 1920.0,
      "h": 1080.0,
      "fl_x": 1878.8650575483803,
      "fl_y": 1878.8650575483803,
      "k1": -0.36697263470310587,
      "k2": 0,
      "k3": 0,
      "k4": 0,
      "p1": 0,
      "p2": 0,
      "cx": 960.0,
      "cy": 540.0,
      "is_fisheye": false,
      "camera_angle_x": 0.9447332227494981,
      "camera_angle_y": 0.5597288542714239,
      "fovx": 54.12922642933893,
      "fovy": 32.070101021445694
    },
    {
      "file_path": "db/extracted_0070.png",
      "sharpness": 8.15070527985917,
      "transform_matrix": [
        [
          0.002056228298162862,
          -0.0014917456509989258,
          0.9999967733048486,
          5.658876253510731
        ],
        [
          0.9998206233335543,
          -0.01882493869281856,
          -0.002083948203476378,
          -4.509139278355665
        ],
        [
          0.018827986671149592,
          0.9998216822904646,
          0.0014527696949855104,
          -0.12601759000449733
        ],
        [
          0.0,
          0.0,
          0.0,
          1.0
        ]
      ],
      "w": 1920.0,
      "h": 1080.0,
      "fl_x": 1878.8650575483803,
      "fl_y": 1878.8650575483803,
      "k1": -0.36697263470310587,
      "k2": 0,
      "k3": 0,
      "k4": 0,
      "p1": 0,
      "p2": 0,
      "cx": 960.0,
      "cy": 540.0,
      "is_fisheye": false,
      "camera_angle_x": 0.9447332227494981,
      "camera_angle_y": 0.5597288542714239,
      "fovx": 54.12922642933893,
      "fovy": 32.070101021445694
    },
    {
      "file_path": "db/extracted_0068.png",
      "sharpness": 7.966479796241141,
      "transform_matrix": [
        [
          0.015837870590942986,
          -0.0023950758287671603,
          0.9998717045035974,
          4.518311719030506
        ],
        [
          0.9994954785806245,
          -0.02749634578066441,
          -0.015897775492149904,
          -0.7361057915671573
        ],
        [
          0.027530894501145646,
          0.9996190347229762,
          0.001958383895512535,
          -0.015016910365781545
        ],
        [
          0.0,
          0.0,
          0.0,
          1.0
        ]
      ],
      "w": 1920.0,
      "h": 1080.0,
      "fl_x": 1878.8650575483803,
      "fl_y": 1878.8650575483803,
      "k1": -0.36697263470310587,
      "k2": 0,
      "k3": 0,
      "k4": 0,
      "p1": 0,
      "p2": 0,
      "cx": 960.0,
      "cy": 540.0,
      "is_fisheye": false,
      "camera_angle_x": 0.9447332227494981,
      "camera_angle_y": 0.5597288542714239,
      "fovx": 54.12922642933893,
      "fovy": 32.070101021445694
    },
    {
      "file_path": "db/extracted_0069.png",
      "sharpness": 7.701138458670576,
      "transform_matrix": [
        [
          0.02065506474300804,
          -0.0012228585021669622,
          0.9997859135422724,
          4.057164571715616
        ],
        [
          0.9996035068352648,
          -0.019115095588865292,
          -0.02067467637641114,
          -0.8404998471311699
        ],
        [
          0.019136285509547987,
          0.9998165420404498,
          0.000827550110172615,
          0.0363262831012793
        ],
        [
          0.0,
          0.0,
          0.0,
          1.0
        ]
      ],
      "w": 1920.0,
      "h": 1080.0,
      "fl_x": 1878.8650575483803,
      "fl_y": 1878.8650575483803,
      "k1": -0.36697263470310587,
      "k2": 0,
      "k3": 0,
      "k4": 0,
      "p1": 0,
      "p2": 0,
      "cx": 960.0,
      "cy": 540.0,
      "is_fisheye": false,
      "camera_angle_x": 0.9447332227494981,
      "camera_angle_y": 0.5597288542714239,
      "fovx": 54.12922642933893,
      "fovy": 32.070101021445694
    },
    {
      "file_path": "db/extracted_0071.png",
      "sharpness": 7.65841580154984,
      "transform_matrix": [
        [
          0.01957565406432503,
          0.021333439939543997,
          0.999580751169364,
          4.007943422814561
        ],
        [
          0.9983774231485366,
          0.05305353410576728,
          -0.020684377345628713,
          -0.8814499509957098
        ],
        [
          -0.05347256039542217,
          0.9983637647968019,
          -0.02026026716319163,
          0.24227163319616235
        ],
        [
          0.0,
          0.0,
          0.0,
          1.0
        ]
      ],
      "w": 1920.0,
      "h": 1080.0,
      "fl_x": 1878.8650575483803,
      "fl_y": 1878.8650575483803,
      "k1": -0.36697263470310587,
      "k2": 0,
      "k3": 0,
      "k4": 0,
      "p1": 0,
      "p2": 0,
      "cx": 960.0,
      "cy": 540.0,
      "is_fisheye": false,
      "camera_angle_x": 0.9447332227494981,
      "camera_angle_y": 0.5597288542714239,
      "fovx": 54.12922642933893,
      "fovy": 32.070101021445694
    },
    {
      "file_path": "db/extracted_0073.png",
      "sharpness": 7.940010976279093,
      "transform_matrix": [
        [
          0.2192561583322416,
          -0.0969345856778568,
          0.9708400605315274,
          -3.007105405851134
        ],
        [
          0.9140212010637011,
          -0.32768331206912354,
          -0.23914198919779495,
          0.28879912115576767
        ],
        [
          0.3413092161654259,
          0.9398017520152218,
          0.016753682272025793,
          -0.44504484092596563
        ],
        [
          0.0,
          0.0,
          0.0,
          1.0
        ]
      ],
      "w": 1920.0,
      "h": 1080.0,
      "fl_x": 1878.8650575483803,
      "fl_y": 1878.8650575483803,
      "k1": -0.36697263470310587,
      "k2": 0,
      "k3": 0,
      "k4": 0,
      "p1": 0,
      "p2": 0,
      "cx": 960.0,
      "cy": 540.0,
      "is_fisheye": false,
      "camera_angle_x": 0.9447332227494981,
      "camera_angle_y": 0.5597288542714239,
      "fovx": 54.12922642933893,
      "fovy": 32.070101021445694
    },
    {
      "file_path": "db/extracted_0072.png",
      "sharpness": 7.86061852414271,
      "transform_matrix": [
        [
          0.018717259003539297,
          -0.0030953070989897255,
          0.9998200254492642,
          3.9988931313755147
        ],
        [
          0.9994090634400893,
          -0.028777325062995327,
          -0.018798656229159688,
          -0.8932756101510123
        ],
        [
          0.028830333490923322,
          0.9995810545604553,
          0.0025548453222276547,
          0.005629809059246364
        ],
        [
          0.0,
          0.0,
          0.0,
          1.0
        ]
      ],
      "w": 1920.0,
      "h": 1080.0,
      "fl_x": 1878.8650575483803,
      "fl_y": 1878.8650575483803,
      "k1": -0.36697263470310587,
      "k2": 0,
      "k3": 0,
      "k4": 0,
      "p1": 0,
      "p2": 0,
      "cx": 960.0,
      "cy": 540.0,
      "is_fisheye": false,
      "camera_angle_x": 0.9447332227494981,
      "camera_angle_y": 0.5597288542714239,
      "fovx": 54.12922642933893,
      "fovy": 32.070101021445694
    },
    {
      "file_path": "db/extracted_0074.png",
      "sharpness": 8.469153603389667,
      "transform_matrix": [
        [
          0.0062703492240751505,
          0.00181320411002089,
          0.9999786972788338,
          3.8293581677470745
        ],
        [
          0.9999623676308175,
          -0.006006979331479789,
          -0.006259354717654018,
          -1.3167842836122956
        ],
        [
          0.00599550187877391,
          0.9999803140513203,
          -0.001850801733044597,
          0.02649772639654212
        ],
        [
          0.0,
          0.0,
          0.0,
          1.0
        ]
      ],
      "w": 1920.0,
      "h": 1080.0,
      "fl_x": 1878.8650575483803,
      "fl_y": 1878.8650575483803,
      "k1": -0.36697263470310587,
      "k2": 0,
      "k3": 0,
      "k4": 0,
      "p1": 0,
      "p2": 0,
      "cx": 960.0,
      "cy": 540.0,
      "is_fisheye": false,
      "camera_angle_x": 0.9447332227494981,
      "camera_angle_y": 0.5597288542714239,
      "fovx": 54.12922642933893,
      "fovy": 32.070101021445694
    },
    {
      "file_path": "db/extracted_0075.png",
      "sharpness": 7.90560971907953,
      "transform_matrix": [
        [
          0.0005549774899342927,
          -0.0001343208641883175,
          0.9999998369789375,
          3.4894446756908355
        ],
        [
          0.9998856223408431,
          -0.0151139686778557,
          -0.000556944225036064,
          -0.7820404957785392
        ],
        [
          0.015114041023190077,
          0.9998857684299345,
          0.00012591758848251426,
          0.04070598111786107
        ],
        [
          0.0,
          0.0,
          0.0,
          1.0
        ]
      ],
      "w": 1920.0,
      "h": 1080.0,
      "fl_x": 1878.8650575483803,
      "fl_y": 1878.8650575483803,
      "k1": -0.36697263470310587,
      "k2": 0,
      "k3": 0,
      "k4": 0,
      "p1": 0,
      "p2": 0,
      "cx": 960.0,
      "cy": 540.0,
      "is_fisheye": false,
      "camera_angle_x": 0.9447332227494981,
      "camera_angle_y": 0.5597288542714239,
      "fovx": 54.12922642933893,
      "fovy": 32.070101021445694
    },
    {
      "file_path": "db/extracted_0077.png",
      "sharpness": 7.702069833724042,
      "transform_matrix": [
        [
          0.017634907301683544,
          -0.006325065543970525,
          0.9998244863926549,
          3.3587867837039145
        ],
        [
          0.9994173095836781,
          -0.029116605726809224,
          -0.017811922284580263,
          -0.66213163686194
        ],
        [
          0.029224156942218533,
          0.9995560098447833,
          0.005807911345963499,
          0.08051476011369263
        ],
        [
          0.0,
          0.0,
          0.0,
          1.0
        ]
      ],
      "w": 1920.0,
      "h": 1080.0,
      "fl_x": 1878.8650575483803,
      "fl_y": 1878.8650575483803,
      "k1": -0.36697263470310587,
      "k2": 0,
      "k3": 0,
      "k4": 0,
      "p1": 0,
      "p2": 0,
      "cx": 960.0,
      "cy": 540.0,
      "is_fisheye": false,
      "camera_angle_x": 0.9447332227494981,
      "camera_angle_y": 0.5597288542714239,
      "fovx": 54.12922642933893,
      "fovy": 32.070101021445694
    },
    {
      "file_path": "db/extracted_0076.png",
      "sharpness": 8.036699030163133,
      "transform_matrix": [
        [
          -0.011134487034738676,
          -0.00040123422600815093,
          0.9999379291783962,
          3.65660964326363
        ],
        [
          0.9997808909792882,
          -0.01773106120250912,
          0.01112562363617023,
          -0.19562168119787965
        ],
        [
          0.017725496639983854,
          0.9998427118700918,
          0.0005985725830413102,
          0.05525514672791988
        ],
        [
          0.0,
          0.0,
          0.0,
          1.0
        ]
      ],
      "w": 1920.0,
      "h": 1080.0,
      "fl_x": 1878.8650575483803,
      "fl_y": 1878.8650575483803,
      "k1": -0.36697263470310587,
      "k2": 0,
      "k3": 0,
      "k4": 0,
      "p1": 0,
      "p2": 0,
      "cx": 960.0,
      "cy": 540.0,
      "is_fisheye": false,
      "camera_angle_x": 0.9447332227494981,
      "camera_angle_y": 0.5597288542714239,
      "fovx": 54.12922642933893,
      "fovy": 32.070101021445694
    },
    {
      "file_path": "db/extracted_0078.png",
      "sharpness": 8.037373256184143,
      "transform_matrix": [
        [
          0.020444279129678986,
          -0.004521138347592182,
          0.999780771348859,
          3.9329297034249264
        ],
        [
          0.9994972998683465,
          -0.024144171052590094,
          -0.020547665562491175,
          -0.9426366477939331
        ],
        [
          0.024231776797265396,
          0.9996982636337003,
          0.004025255398395757,
          0.08595625212019825
        ],
        [
          0.0,
          0.0,
          0.0,
          1.0
        ]
      ],
      "w": 1920.0,
      "h": 1080.0,
      "fl_x": 1878.8650575483803,
      "fl_y": 1878.8650575483803,
      "k1": -0.36697263470310587,
      "k2": 0,
      "k3": 0,
      "k4": 0,
      "p1": 0,
      "p2": 0,
      "cx": 960.0,
      "cy": 540.0,
      "is_fisheye": false,
      "camera_angle_x": 0.9447332227494981,
      "camera_angle_y": 0.5597288542714239,
      "fovx": 54.12922642933893,
      "fovy": 32.070101021445694
    },
    {
      "file_path": "db/extracted_0079.png",
      "sharpness": 7.7758205116691785,
      "transform_matrix": [
        [
          0.02176561668460761,
          -0.003218966231332313,
          0.9997579187917197,
          3.445762324764155
        ],
        [
          0.9993602266954713,
          -0.0283160124538014,
          -0.021848128933442044,
          -0.7647426302198905
        ],
        [
          0.028379486068547444,
          0.9995938383639266,
          0.0026005913495633108,
          0.02172438136154603
        ],
        [
          0.0,
          0.0,
          0.0,
          1.0
        ]
      ],
      "w": 1920.0,
      "h": 1080.0,
      "fl_x": 1878.8650575483803,
      "fl_y": 1878.8650575483803,
      "k1": -0.36697263470310587,
      "k2": 0,
      "k3": 0,
      "k4": 0,
      "p1": 0,
      "p2": 0,
      "cx": 960.0,
      "cy": 540.0,
      "is_fisheye": false,
      "camera_angle_x": 0.9447332227494981,
      "camera_angle_y": 0.5597288542714239,
      "fovx": 54.12922642933893,
      "fovy": 32.070101021445694
    },
    {
      "file_path": "db/extracted_0080.png",
      "sharpness": 7.791106592397598,
      "transform_matrix": [
        [
          0.01847099623500141,
          0.001015895159125942,
          0.9998288804866171,
          2.8006137024578166
        ],
        [
          0.9996499056419726,
          0.018928809663567116,
          -0.018486922802771772,
          -0.5188435367099057
        ],
        [
          -0.018944351350251045,
          0.9998203179180528,
          -0.0006659055279335777,
          0.07894338833058256
        ],
        [
          0.0,
          0.0,
          0.0,
          1.0
        ]
      ],
      "w": 1920.0,
      "h": 1080.0,
      "fl_x": 1878.8650575483803,
      "fl_y": 1878.8650575483803,
      "k1": -0.36697263470310587,
      "k2": 0,
      "k3": 0,
      "k4": 0,
      "p1": 0,
      "p2": 0,
      "cx": 960.0,
      "cy": 540.0,
      "is_fisheye": false,
      "camera_angle_x": 0.9447332227494981,
      "camera_angle_y": 0.5597288542714239,
      "fovx": 54.12922642933893,
      "fovy": 32.070101021445694
    },
    {
      "file_path": "db/extracted_0081.png",
      "sharpness": 7.616963283207058,
      "transform_matrix": [
        [
          0.019723426123322573,
          -0.002035525093976687,
          0.9998034022244372,
          3.4586216128775464
        ],
        [
          0.9993534179127778,
          -0.030027794597517102,
          -0.019775683494097963,
          -0.7200451089722744
        ],
        [
          0.03006214509989696,
          0.9995469914862489,
          0.0014419579715223973,
          0.02120584960296352
        ],
        [
          0.0,
          0.0,
          0.0,
          1.0
        ]
      ],
      "w": 1920.0,
      "h": 1080.0,
      "fl_x": 1878.8650575483803,
      "fl_y": 1878.8650575483803,
      "k1": -0.36697263470310587,
      "k2": 0,
      "k3": 0,
      "k4": 0,
      "p1": 0,
      "p2": 0,
      "cx": 960.0,
      "cy": 540.0,
      "is_fisheye": false,
      "camera_angle_x": 0.9447332227494981,
      "camera_angle_y": 0.5597288542714239,
      "fovx": 54.12922642933893,
      "fovy": 32.070101021445694
    },
    {
      "file_path": "db/extracted_0083.png",
      "sharpness": 7.416613768846568,
      "transform_matrix": [
        [
          -0.13797082822439524,
          0.06478345530662505,
          0.9883153112633738,
          4.466977851527453
        ],
        [
          0.8264555993327429,
          0.5574552329064842,
          0.07883403856668875,
          0.10346224223600459
        ],
        [
          -0.5458344006112426,
          0.8276755204932179,
          -0.13045320956441356,
          0.12305259369635396
        ],
        [
          0.0,
          0.0,
          0.0,
          1.0
        ]
      ],
      "w": 1920.0,
      "h": 1080.0,
      "fl_x": 1878.8650575483803,
      "fl_y": 1878.8650575483803,
      "k1": -0.36697263470310587,
      "k2": 0,
      "k3": 0,
      "k4": 0,
      "p1": 0,
      "p2": 0,
      "cx": 960.0,
      "cy": 540.0,
      "is_fisheye": false,
      "camera_angle_x": 0.9447332227494981,
      "camera_angle_y": 0.5597288542714239,
      "fovx": 54.12922642933893,
      "fovy": 32.070101021445694
    },
    {
      "file_path": "db/extracted_0084.png",
      "sharpness": 7.51267093477021,
      "transform_matrix": [
        [
          0.020966466162490118,
          0.006744047640038513,
          0.9997574331397072,
          2.642552578178826
        ],
        [
          0.9997661636823745,
          0.00515350375823799,
          -0.02100141316296058,
          -0.20297762114714038
        ],
        [
          -0.0052938882198909866,
          0.999963978961469,
          -0.0066344198746071115,
          0.1085332415122258
        ],
        [
          0.0,
          0.0,
          0.0,
          1.0
        ]
      ],
      "w": 1920.0,
      "h": 1080.0,
      "fl_x": 1878.8650575483803,
      "fl_y": 1878.8650575483803,
      "k1": -0.36697263470310587,
      "k2": 0,
      "k3": 0,
      "k4": 0,
      "p1": 0,
      "p2": 0,
      "cx": 960.0,
      "cy": 540.0,
      "is_fisheye": false,
      "camera_angle_x": 0.9447332227494981,
      "camera_angle_y": 0.5597288542714239,
      "fovx": 54.12922642933893,
      "fovy": 32.070101021445694
    },
    {
      "file_path": "db/extracted_0082.png",
      "sharpness": 7.944193212462699,
      "transform_matrix": [
        [
          0.018056816351555465,
          0.0015774771402717201,
          0.9998357179802732,
          4.252056302963874
        ],
        [
          0.9996006964920119,
          -0.02176673999014576,
          -0.018018229737863923,
          0.38883644344583745
        ],
        [
          0.02173474076061767,
          0.9997618319360284,
          -0.0019698852746899576,
          0.012428782052950416
        ],
        [
          0.0,
          0.0,
          0.0,
          1.0
        ]
      ],
      "w": 1920.0,
      "h": 1080.0,
      "fl_x": 1878.8650575483803,
      "fl_y": 1878.8650575483803,
      "k1": -0.36697263470310587,
      "k2": 0,
      "k3": 0,
      "k4": 0,
      "p1": 0,
      "p2": 0,
      "cx": 960.0,
      "cy": 540.0,
      "is_fisheye": false,
      "camera_angle_x": 0.9447332227494981,
      "camera_angle_y": 0.5597288542714239,
      "fovx": 54.12922642933893,
      "fovy": 32.070101021445694
    },
    {
      "file_path": "db/extracted_0085.png",
      "sharpness": 7.531839335196027,
      "transform_matrix": [
        [
          0.01604994494587052,
          0.0023541137386692734,
          0.9998684200512337,
          3.8186068947867757
        ],
        [
          0.9998648839990966,
          -0.0035897160550138496,
          -0.016041436473001137,
          -0.17075747971454064
        ],
        [
          0.0035514803543701587,
          0.9999907860011312,
          -0.002411410405289512,
          0.07382349528034392
        ],
        [
          0.0,
          0.0,
          0.0,
          1.0
        ]
      ],
      "w": 1920.0,
      "h": 1080.0,
      "fl_x": 1878.8650575483803,
      "fl_y": 1878.8650575483803,
      "k1": -0.36697263470310587,
      "k2": 0,
      "k3": 0,
      "k4": 0,
      "p1": 0,
      "p2": 0,
      "cx": 960.0,
      "cy": 540.0,
      "is_fisheye": false,
      "camera_angle_x": 0.9447332227494981,
      "camera_angle_y": 0.5597288542714239,
      "fovx": 54.12922642933893,
      "fovy": 32.070101021445694
    },
    {
      "file_path": "db/extracted_0089.png",
      "sharpness": 7.396355085490663,
      "transform_matrix": [
        [
          0.025303693049417268,
          -0.03624524114163614,
          0.999022525077716,
          5.008020386968065
        ],
        [
          0.9950362255717603,
          -0.09529692904408282,
          -0.028660165991704296,
          -0.5116546746342973
        ],
        [
          0.09624257331330016,
          0.9947888106574994,
          0.03365396369942833,
          0.42622065989971897
        ],
        [
          0.0,
          0.0,
          0.0,
          1.0
        ]
      ],
      "w": 1920.0,
      "h": 1080.0,
      "fl_x": 1878.8650575483803,
      "fl_y": 1878.8650575483803,
      "k1": -0.36697263470310587,
      "k2": 0,
      "k3": 0,
      "k4": 0,
      "p1": 0,
      "p2": 0,
      "cx": 960.0,
      "cy": 540.0,
      "is_fisheye": false,
      "camera_angle_x": 0.9447332227494981,
      "camera_angle_y": 0.5597288542714239,
      "fovx": 54.12922642933893,
      "fovy": 32.070101021445694
    },
    {
      "file_path": "db/extracted_0086.png",
      "sharpness": 7.853511130367743,
      "transform_matrix": [
        [
          0.01861180856475509,
          -1.606553196804615e-05,
          0.9998267851602385,
          2.742315388501139
        ],
        [
          0.9996462468850983,
          -0.019002510195491075,
          -0.018608753177136304,
          0.10879909006097996
        ],
        [
          0.01899951763825155,
          0.9998194358723875,
          -0.00033761123327221646,
          0.202802627581118
        ],
        [
          0.0,
          0.0,
          0.0,
          1.0
        ]
      ],
      "w": 1920.0,
      "h": 1080.0,
      "fl_x": 1878.8650575483803,
      "fl_y": 1878.8650575483803,
      "k1": -0.36697263470310587,
      "k2": 0,
      "k3": 0,
      "k4": 0,
      "p1": 0,
      "p2": 0,
      "cx": 960.0,
      "cy": 540.0,
      "is_fisheye": false,
      "camera_angle_x": 0.9447332227494981,
      "camera_angle_y": 0.5597288542714239,
      "fovx": 54.12922642933893,
      "fovy": 32.070101021445694
    },
    {
      "file_path": "db/extracted_0087.png",
      "sharpness": 7.684656123474615,
      "transform_matrix": [
        [
          0.0062584267970166784,
          0.03465940339873308,
          0.9993795864685652,
          3.3815568372018205
        ],
        [
          0.9941846330981832,
          0.10722881369522427,
          -0.009944688277967993,
          0.044865226775403895
        ],
        [
          -0.10750696445094886,
          0.9936300656026714,
          -0.03378676257032886,
          0.08817129381452794
        ],
        [
          0.0,
          0.0,
          0.0,
          1.0
        ]
      ],
      "w": 1920.0,
      "h": 1080.0,
      "fl_x": 1878.8650575483803,
      "fl_y": 1878.8650575483803,
      "k1": -0.36697263470310587,
      "k2": 0,
      "k3": 0,
      "k4": 0,
      "p1": 0,
      "p2": 0,
      "cx": 960.0,
      "cy": 540.0,
      "is_fisheye": false,
      "camera_angle_x": 0.9447332227494981,
      "camera_angle_y": 0.5597288542714239,
      "fovx": 54.12922642933893,
      "fovy": 32.070101021445694
    },
    {
      "file_path": "db/extracted_0090.png",
      "sharpness": 7.622592029911669,
      "transform_matrix": [
        [
          0.022260102498323327,
          -0.008659343484556145,
          0.9997147111087196,
          4.3779952472308805
        ],
        [
          0.9991714512580527,
          -0.03388643804560658,
          -0.022541524071318035,
          -0.15794435704717907
        ],
        [
          0.03407196542086604,
          0.9993881753788205,
          0.007897853212207642,
          0.23973550369949465
        ],
        [
          0.0,
          0.0,
          0.0,
          1.0
        ]
      ],
      "w": 1920.0,
      "h": 1080.0,
      "fl_x": 1878.8650575483803,
      "fl_y": 1878.8650575483803,
      "k1": -0.36697263470310587,
      "k2": 0,
      "k3": 0,
      "k4": 0,
      "p1": 0,
      "p2": 0,
      "cx": 960.0,
      "cy": 540.0,
      "is_fisheye": false,
      "camera_angle_x": 0.9447332227494981,
      "camera_angle_y": 0.5597288542714239,
      "fovx": 54.12922642933893,
      "fovy": 32.070101021445694
    },
    {
      "file_path": "db/extracted_0091.png",
      "sharpness": 7.350815254911688,
      "transform_matrix": [
        [
          0.022820573198465425,
          -0.0004352124022744796,
          0.9997394820797408,
          3.7829223567085126
        ],
        [
          0.9995851823676641,
          -0.01756406531457954,
          -0.022824697164017853,
          -0.019473034760428783
        ],
        [
          0.017569423152096433,
          0.9998456451871961,
          3.420983032221527e-05,
          0.10263549583365096
        ],
        [
          0.0,
          0.0,
          0.0,
          1.0
        ]
      ],
      "w": 1920.0,
      "h": 1080.0,
      "fl_x": 1878.8650575483803,
      "fl_y": 1878.8650575483803,
      "k1": -0.36697263470310587,
      "k2": 0,
      "k3": 0,
      "k4": 0,
      "p1": 0,
      "p2": 0,
      "cx": 960.0,
      "cy": 540.0,
      "is_fisheye": false,
      "camera_angle_x": 0.9447332227494981,
      "camera_angle_y": 0.5597288542714239,
      "fovx": 54.12922642933893,
      "fovy": 32.070101021445694
    },
    {
      "file_path": "db/extracted_0092.png",
      "sharpness": 7.365790333322469,
      "transform_matrix": [
        [
          0.018007021679553023,
          -0.0007873697014115992,
          0.9998375504146638,
          3.7837916033271752
        ],
        [
          0.9996413369521149,
          -0.01981186169214997,
          -0.018019089679545828,
          0.1724716532047685
        ],
        [
          0.019822830948694036,
          0.9998034157699474,
          0.00043033467799182836,
          0.08601944082479315
        ],
        [
          0.0,
          0.0,
          0.0,
          1.0
        ]
      ],
      "w": 1920.0,
      "h": 1080.0,
      "fl_x": 1878.8650575483803,
      "fl_y": 1878.8650575483803,
      "k1": -0.36697263470310587,
      "k2": 0,
      "k3": 0,
      "k4": 0,
      "p1": 0,
      "p2": 0,
      "cx": 960.0,
      "cy": 540.0,
      "is_fisheye": false,
      "camera_angle_x": 0.9447332227494981,
      "camera_angle_y": 0.5597288542714239,
      "fovx": 54.12922642933893,
      "fovy": 32.070101021445694
    },
    {
      "file_path": "db/extracted_0088.png",
      "sharpness": 7.680856299221629,
      "transform_matrix": [
        [
          0.022597591199084572,
          -0.008323168448655095,
          0.9997099948179896,
          3.4022704318601895
        ],
        [
          0.9986475455809304,
          -0.04664578791543094,
          -0.022961928815593082,
          -0.12027820821602388
        ],
        [
          0.04682337639665471,
          0.9988768168982272,
          0.007257829296233943,
          0.1557502819122712
        ],
        [
          0.0,
          0.0,
          0.0,
          1.0
        ]
      ],
      "w": 1920.0,
      "h": 1080.0,
      "fl_x": 1878.8650575483803,
      "fl_y": 1878.8650575483803,
      "k1": -0.36697263470310587,
      "k2": 0,
      "k3": 0,
      "k4": 0,
      "p1": 0,
      "p2": 0,
      "cx": 960.0,
      "cy": 540.0,
      "is_fisheye": false,
      "camera_angle_x": 0.9447332227494981,
      "camera_angle_y": 0.5597288542714239,
      "fovx": 54.12922642933893,
      "fovy": 32.070101021445694
    },
    {
      "file_path": "db/extracted_0094.png",
      "sharpness": 7.499185912481024,
      "transform_matrix": [
        [
          0.018014097025663544,
          0.0005096728173080158,
          0.9998376030846104,
          4.057609462033316
        ],
        [
          0.9996750155213511,
          -0.01804972398949773,
          -0.018001966733924693,
          0.14234733975206476
        ],
        [
          0.018037617656895842,
          0.9998369605578362,
          -0.0008346566607864601,
          0.05970695869933468
        ],
        [
          0.0,
          0.0,
          0.0,
          1.0
        ]
      ],
      "w": 1920.0,
      "h": 1080.0,
      "fl_x": 1878.8650575483803,
      "fl_y": 1878.8650575483803,
      "k1": -0.36697263470310587,
      "k2": 0,
      "k3": 0,
      "k4": 0,
      "p1": 0,
      "p2": 0,
      "cx": 960.0,
      "cy": 540.0,
      "is_fisheye": false,
      "camera_angle_x": 0.9447332227494981,
      "camera_angle_y": 0.5597288542714239,
      "fovx": 54.12922642933893,
      "fovy": 32.070101021445694
    },
    {
      "file_path": "db/extracted_0093.png",
      "sharpness": 7.284285125081235,
      "transform_matrix": [
        [
          0.016868293215261544,
          -0.0004945241041201582,
          0.9998575979257868,
          4.051779786170612
        ],
        [
          0.9996764808178751,
          -0.019031024075846757,
          -0.016874650284170577,
          0.39118927526166236
        ],
        [
          0.019036658939858078,
          0.9998187713623631,
          0.00017334322178836768,
          0.07158219796481084
        ],
        [
          0.0,
          0.0,
          0.0,
          1.0
        ]
      ],
      "w": 1920.0,
      "h": 1080.0,
      "fl_x": 1878.8650575483803,
      "fl_y": 1878.8650575483803,
      "k1": -0.36697263470310587,
      "k2": 0,
      "k3": 0,
      "k4": 0,
      "p1": 0,
      "p2": 0,
      "cx": 960.0,
      "cy": 540.0,
      "is_fisheye": false,
      "camera_angle_x": 0.9447332227494981,
      "camera_angle_y": 0.5597288542714239,
      "fovx": 54.12922642933893,
      "fovy": 32.070101021445694
    },
    {
      "file_path": "db/extracted_0095.png",
      "sharpness": 7.22641884127435,
      "transform_matrix": [
        [
          0.017271941970651454,
          0.0006480058019192425,
          0.9998506188971695,
          4.0115863011345345
        ],
        [
          0.9997308763135575,
          -0.015500751709292227,
          -0.01725982739696598,
          0.20643206753720186
        ],
        [
          0.015487251721613835,
          0.9998796461499443,
          -0.0009155594922333653,
          0.06811359660307773
        ],
        [
          0.0,
          0.0,
          0.0,
          1.0
        ]
      ],
      "w": 1920.0,
      "h": 1080.0,
      "fl_x": 1878.8650575483803,
      "fl_y": 1878.8650575483803,
      "k1": -0.36697263470310587,
      "k2": 0,
      "k3": 0,
      "k4": 0,
      "p1": 0,
      "p2": 0,
      "cx": 960.0,
      "cy": 540.0,
      "is_fisheye": false,
      "camera_angle_x": 0.9447332227494981,
      "camera_angle_y": 0.5597288542714239,
      "fovx": 54.12922642933893,
      "fovy": 32.070101021445694
    },
    {
      "file_path": "db/extracted_0101.png",
      "sharpness": 7.537149798941904,
      "transform_matrix": [
        [
          0.01741685157262977,
          -0.00030543371328381984,
          0.9998482684845506,
          4.03953720904041
        ],
        [
          0.9996933769992393,
          -0.017598635650977117,
          -0.017419529473578013,
          0.3394171292518846
        ],
        [
          0.01760128589489073,
          0.9998450853674686,
          -1.1727647317394923e-06,
          0.06927033510501047
        ],
        [
          0.0,
          0.0,
          0.0,
          1.0
        ]
      ],
      "w": 1920.0,
      "h": 1080.0,
      "fl_x": 1878.8650575483803,
      "fl_y": 1878.8650575483803,
      "k1": -0.36697263470310587,
      "k2": 0,
      "k3": 0,
      "k4": 0,
      "p1": 0,
      "p2": 0,
      "cx": 960.0,
      "cy": 540.0,
      "is_fisheye": false,
      "camera_angle_x": 0.9447332227494981,
      "camera_angle_y": 0.5597288542714239,
      "fovx": 54.12922642933893,
      "fovy": 32.070101021445694
    },
    {
      "file_path": "db/extracted_0100.png",
      "sharpness": 7.91137260447384,
      "transform_matrix": [
        [
          0.01737446815762848,
          -1.0441363595951248e-05,
          0.9998490524810371,
          4.013369182974045
        ],
        [
          0.9996936420549786,
          -0.017630579380113205,
          -0.01737195169156516,
          0.3202362797112759
        ],
        [
          0.017628099474761884,
          0.9998445692014882,
          -0.00029588377523906087,
          0.0683648949258477
        ],
        [
          0.0,
          0.0,
          0.0,
          1.0
        ]
      ],
      "w": 1920.0,
      "h": 1080.0,
      "fl_x": 1878.8650575483803,
      "fl_y": 1878.8650575483803,
      "k1": -0.36697263470310587,
      "k2": 0,
      "k3": 0,
      "k4": 0,
      "p1": 0,
      "p2": 0,
      "cx": 960.0,
      "cy": 540.0,
      "is_fisheye": false,
      "camera_angle_x": 0.9447332227494981,
      "camera_angle_y": 0.5597288542714239,
      "fovx": 54.12922642933893,
      "fovy": 32.070101021445694
    },
    {
      "file_path": "db/extracted_0096.png",
      "sharpness": 7.731859250499583,
      "transform_matrix": [
        [
          0.01771307395017191,
          -0.0020688807810516708,
          0.9998409707266248,
          3.9594059138784137
        ],
        [
          0.9995950726680385,
          -0.022236462763262837,
          -0.01775472955458615,
          0.2268253271632699
        ],
        [
          0.022269658933495418,
          0.9997505986275286,
          0.0016741669253609352,
          0.07009204082609741
        ],
        [
          0.0,
          0.0,
          0.0,
          1.0
        ]
      ],
      "w": 1920.0,
      "h": 1080.0,
      "fl_x": 1878.8650575483803,
      "fl_y": 1878.8650575483803,
      "k1": -0.36697263470310587,
      "k2": 0,
      "k3": 0,
      "k4": 0,
      "p1": 0,
      "p2": 0,
      "cx": 960.0,
      "cy": 540.0,
      "is_fisheye": false,
      "camera_angle_x": 0.9447332227494981,
      "camera_angle_y": 0.5597288542714239,
      "fovx": 54.12922642933893,
      "fovy": 32.070101021445694
    },
    {
      "file_path": "db/extracted_0097.png",
      "sharpness": 7.5281550485346695,
      "transform_matrix": [
        [
          0.01730705618039172,
          -0.0009702577991521092,
          0.9998497509156972,
          3.971658308186182
        ],
        [
          0.9996495821843246,
          -0.020015643994637594,
          -0.01732301458133846,
          0.25395762166096314
        ],
        [
          0.02002944445245804,
          0.9997991961365509,
          0.0006235059284315757,
          0.06761172591219633
        ],
        [
          0.0,
          0.0,
          0.0,
          1.0
        ]
      ],
      "w": 1920.0,
      "h": 1080.0,
      "fl_x": 1878.8650575483803,
      "fl_y": 1878.8650575483803,
      "k1": -0.36697263470310587,
      "k2": 0,
      "k3": 0,
      "k4": 0,
      "p1": 0,
      "p2": 0,
      "cx": 960.0,
      "cy": 540.0,
      "is_fisheye": false,
      "camera_angle_x": 0.9447332227494981,
      "camera_angle_y": 0.5597288542714239,
      "fovx": 54.12922642933893,
      "fovy": 32.070101021445694
    },
    {
      "file_path": "db/extracted_0098.png",
      "sharpness": 7.676674229498137,
      "transform_matrix": [
        [
          0.01755402017041689,
          -0.0009941444626352454,
          0.9998454220791604,
          3.9990673103175403
        ],
        [
          0.9996301591827501,
          -0.02075594090221054,
          -0.01757087845082421,
          0.27310435807377814
        ],
        [
          0.020770200483536328,
          0.9997840779858728,
          0.0006294265821813357,
          0.06966810629326026
        ],
        [
          0.0,
          0.0,
          0.0,
          1.0
        ]
      ],
      "w": 1920.0,
      "h": 1080.0,
      "fl_x": 1878.8650575483803,
      "fl_y": 1878.8650575483803,
      "k1": -0.36697263470310587,
      "k2": 0,
      "k3": 0,
      "k4": 0,
      "p1": 0,
      "p2": 0,
      "cx": 960.0,
      "cy": 540.0,
      "is_fisheye": false,
      "camera_angle_x": 0.9447332227494981,
      "camera_angle_y": 0.5597288542714239,
      "fovx": 54.12922642933893,
      "fovy": 32.070101021445694
    },
    {
      "file_path": "db/extracted_0099.png",
      "sharpness": 7.66530263181226,
      "transform_matrix": [
        [
          0.017144034498815543,
          -0.0012210072438654728,
          0.9998522847013072,
          4.040022043903191
        ],
        [
          0.9996139455980811,
          -0.021846434582798807,
          -0.017166626397054834,
          0.2931498109353073
        ],
        [
          0.02186416810537257,
          0.9997605925607093,
          0.0008459998404805846,
          0.07117541897488795
        ],
        [
          0.0,
          0.0,
          0.0,
          1.0
        ]
      ],
      "w": 1920.0,
      "h": 1080.0,
      "fl_x": 1878.8650575483803,
      "fl_y": 1878.8650575483803,
      "k1": -0.36697263470310587,
      "k2": 0,
      "k3": 0,
      "k4": 0,
      "p1": 0,
      "p2": 0,
      "cx": 960.0,
      "cy": 540.0,
      "is_fisheye": false,
      "camera_angle_x": 0.9447332227494981,
      "camera_angle_y": 0.5597288542714239,
      "fovx": 54.12922642933893,
      "fovy": 32.070101021445694
