{
  "camera_angle_x": 0.80311521174415,
  "frames": [
    {
      "file_path": "images/extracted_0000",
      "transform_matrix": [
        [
          0.18122681984953798,
          -0.08020955676100557,
          0.9801649181497092,
          0.14362494315682675
        ],
        [
          0.0930787197312704,
          0.9935933300691581,
          0.06409872366333552,
          -0.3967789102579024
        ],
        [
          -0.9790266552553157,
          0.07961608786095975,
          0.18753156228567291,
          4.0650290235752005
        ],
        [
          0.0,
          0.0,
          0.0,
          1.0
        ]
      ]
    },
    {
      "file_path": "images/extracted_0001",
      "transform_matrix": [
        [
          0.16815036564367086,
          -0.08055122820796554,
          0.9824647343126817,
          0.1483358431022707
        ],
        [
          0.09325085573790967,
          0.9934861372150894,
          0.06549483235789008,
          -0.39657758895994366
        ],
        [
          -0.9813407830300581,
          0.08060269719822546,
          0.1745665281957679,
          4.05999625367424
        ],
        [
          0.0,
          0.0,
          0.0,
          1.0
        ]
      ]
    },
    {
      "file_path": "images/extracted_0002",
      "transform_matrix": [
        [
          0.15510929879117205,
          -0.080491152743325,
          0.9846127562440788,
          0.15324357179431694
        ],
        [
          0.09328178312443405,
          0.9934154019537837,
          0.06651577330324304,
          -0.3962858750621933
        ],
        [
          -0.9834834082818261,
          0.08152921863389281,
          0.16159632465904028,
          4.062406495828106
        ],
        [
          0.0,
          0.0,
          0.0,
          1.0
        ]
      ]
    },
    {
      "file_path": "images/extracted_0003",
      "transform_matrix": [
        [
          0.14211409730991098,
          -0.08048502506759359,
          0.9865727262020061,
          0.15811477531059648
        ],
        [
          0.09335123926053926,
          0.9933363858919885,
          0.06758972252912544,
          -0.3959917224455111
        ],
        [
          -0.9854385467771754,
          0.08249233420695191,
          0.1486804806381048,
          4.063111745223897
        ],
        [
          0.0,
          0.0,
          0.0,
          1.0
        ]
      ]
    },
    {
      "file_path": "images/extracted_0004",
      "transform_matrix": [
        [
          0.1293894665062236,
          -0.08063381754862035,
          0.9883099480551487,
          0.1625820608747431
        ],
        [
          0.0933129594337007,
          0.9932554512229707,
          0.0688207833258062,
          -0.39578204730923366
        ],
        [
          -0.9871935258899136,
          0.08331744165172646,
          0.1360409730840374,
          4.072768715620347
        ],
        [
          0.0,
          0.0,
          0.0,
          1.0
        ]
      ]
    },
    {
      "file_path": "images/extracted_0005",
      "transform_matrix": [
        [
          0.11646962228015897,
          -0.0809874857741208,
          0.9898867885944856,
          0.16738764287074803
        ],
        [
          0.09345311603143416,
          0.9931416365364044,
          0.07025813036088996,
          -0.39552765739833795
        ],
        [
          -0.9887878145436121,
          0.08432506700726117,
          0.123239364183237,
          4.076066964604387
        ],
        [
          0.0,
          0.0,
          0.0,
          1.0
        ]
      ]
    },
    {
      "file_path": "images/extracted_0006",
      "transform_matrix": [
        [
          0.10436217579551307,
          -0.0810422356400581,
          0.9912319064203332,
          0.17136535818441573
        ],
        [
          0.09351721986410257,
          0.9930580758501116,
          0.0713455505113184,
          -0.39530508863403235
        ],
        [
          -0.990132852627422,
          0.08525147524433392,
          0.11121654605565301,
          4.088203604161884
        ],
        [
          0.0,
          0.0,
          0.0,
          1.0
        ]
      ]
    },
    {
      "file_path": "images/extracted_0007",
      "transform_matrix": [
        [
          0.09122341420264587,
          -0.08099203949371488,
          0.9925313991203812,
          0.17629816700050974
        ],
        [
          0.09351484675038112,
          0.9929795248011309,
          0.07243367147240931,
          -0.39500216134023175
        ],
        [
          -0.9914299078293258,
          0.08620877486873779,
          0.09815694064693559,
          4.084879306200818
        ],
        [
          0.0,
          0.0,
          0.0,
          1.0
        ]
      ]
    },
    {
      "file_path": "images/extracted_0008",
      "transform_matrix": [
        [
          0.0777953515851442,
          -0.08114549341387998,
          0.9936615581627185,
          0.18142660857548773
        ],
        [
          0.09403797453041006,
          0.9928357663019542,
          0.07371567335261324,
          -0.3952881206600846
        ],
        [
          -0.9925244292298107,
          0.08770718357255113,
          0.0848687653486786,
          4.0827859765674495
        ],
        [
          0.0,
          0.0,
          0.0,
          1.0
        ]
      ]
    },
    {
      "file_path": "images/extracted_0009",
      "transform_matrix": [
        [
          0.0641776506155941,
          -0.08128063584148768,
          0.9946228870273731,
          0.1863238680503563
        ],
        [
          0.0947857692837466,
          0.9926680848576035,
          0.07500487481774802,
          -0.3956240082853882
        ],
        [
          -0.9934268403374008,
          0.0894624588435907,
          0.07141135312334967,
          4.0631149550269745
        ],
        [
          0.0,
          0.0,
          0.0,
          1.0
        ]
      ]
    },
    {
      "file_path": "images/extracted_0010",
      "transform_matrix": [
        [
          0.05032034037308756,
          -0.08141469126624744,
          0.9954092180559504,
          0.19137531069914765
        ],
        [
          0.0943420301231898,
          0.9926027336523033,
          0.076415930918949,
          -0.3949910969692648
        ],
        [
          -0.9942672903686272,
          0.0900636507809674,
          0.05762893466855157,
          4.076945045360996
        ],
        [
          0.0,
          0.0,
          0.0,
          1.0
        ]
      ]
    },
    {
      "file_path": "images/extracted_0011",
      "transform_matrix": [
        [
          0.036772114987517125,
          -0.08148867988070738,
          0.9959956860401777,
          0.1961348736673457
        ],
        [
          0.09403141426922282,
          0.9925298978963718,
          0.07773348642861365,
          -0.3944778795850462
        ],
        [
          -0.9948898957622772,
          0.09079645826306916,
          0.04415991935010888,
          4.083399092714753
        ],
        [
          0.0,
          0.0,
          0.0,
          1.0
        ]
      ]
    },
    {
      "file_path": "images/extracted_0012",
      "transform_matrix": [
        [
          0.023507374543405003,
          -0.08148847528722512,
          0.9963970251548525,
          0.2006632833645797
        ],
        [
          0.0939404498397479,
          0.9924425829397235,
          0.0789487900593533,
          -0.39399283992578604
        ],
        [
          -0.9953002538058465,
          0.09174610598435955,
          0.03098478353522549,
          4.078977654361276
        ],
        [
          0.0,
          0.0,
          0.0,
          1.0
        ]
      ]
    },
    {
      "file_path": "images/extracted_0013",
      "transform_matrix": [
        [
          0.009849164104356066,
          -0.08145225054678515,
          0.996628579184497,
          0.20527683308556244
        ],
        [
          0.09392588235399729,
          0.9923457351027746,
          0.08017400231594407,
          -0.393762278965831
        ],
        [
          -0.9955304729592503,
          0.09281957177340178,
          0.017424250495610694,
          4.080265773734075
        ],
        [
          0.0,
          0.0,
          0.0,
          1.0
        ]
      ]
    },
    {
      "file_path": "images/extracted_0014",
      "transform_matrix": [
        [
          -0.0037522409275960854,
          -0.08148090276715167,
          0.996667839940806,
          0.20990031945194101
        ],
        [
          0.09424843445387304,
          0.9922094885560447,
          0.08147124291641904,
          -0.3939388095701047
        ],
        [
          -0.9955416381503166,
          0.09424008331703733,
          0.003956438471983126,
          4.074989682277166
        ],
        [
          0.0,
          0.0,
          0.0,
          1.0
        ]
      ]
    },
    {
      "file_path": "images/extracted_0015",
      "transform_matrix": [
        [
          -0.018176340468143856,
          -0.08147907735855825,
          0.9965092977990643,
          0.21510516638791918
        ],
        [
          0.09464611533336817,
          0.9920581647394947,
          0.08284147889800315,
          -0.39408226660514517
        ],
        [
          -0.9953450323880101,
          0.09582148885559862,
          -0.010320308813572487,
          4.062427739349786
        ],
        [
          0.0,
          0.0,
          0.0,
          1.0
        ]
      ]
    },
    {
      "file_path": "images/extracted_0016",
      "transform_matrix": [
        [
          -0.031972949728733296,
          -0.08155524494414414,
          0.9961558474996495,
          0.21997592864298418
        ],
        [
          0.09497067911685599,
          0.9919080346907481,
          0.08425568719095934,
          -0.39412106844551
        ],
        [
          -0.9949664821458697,
          0.09729950019418533,
          -0.023968868730807058,
          4.049070733798105
        ],
        [
          0.0,
          0.0,
          0.0,
          1.0
        ]
      ]
    },
    {
      "file_path": "images/extracted_0017",
      "transform_matrix": [
        [
          -0.04546631171654636,
          -0.08133520705857006,
          0.9956492347165412,
          0.22433776569915673
        ],
        [
          0.09481910691576373,
          0.9918287145265203,
          0.08535301989014295,
          -0.39383322456194747
        ],
        [
          -0.9944557061340599,
          0.09828725824545982,
          -0.037382661809981954,
          4.048621879002129
        ],
        [
          0.0,
          0.0,
          0.0,
          1.0
        ]
      ]
    },
    {
      "file_path": "images/extracted_0018",
      "transform_matrix": [
        [
          -0.05914556601375498,
          -0.08141285272818874,
          0.9949239917860918,
          0.2288217201456028
        ],
        [
          0.09415095686702027,
          0.9917709968573677,
          0.08675187095139554,
          -0.39284877954617203
        ],
        [
          -0.9937994764246646,
          0.09880403434678843,
          -0.0509937589795223,
          4.044832851139065
        ],
        [
          0.0,
          0.0,
          0.0,
          1.0
        ]
      ]
    },
    {
      "file_path": "images/extracted_0019",
      "transform_matrix": [
        [
          -0.07300383239337607,
          -0.08130820463731249,
          0.9940117787604618,
          0.2338483172928236
        ],
        [
          0.09407623123455704,
          0.9916658481334844,
          0.08802561196833161,
          -0.3926909397401673
        ],
        [
          -0.9928847381104126,
          0.09993908897100295,
          -0.06474623790664558,
          4.045204246116365
        ],
        [
          0.0,
          0.0,
          0.0,
          1.0
        ]
      ]
    },
    {
      "file_path": "images/extracted_0020",
      "transform_matrix": [
        [
          -0.08565891888035027,
          -0.08127392991152702,
          0.9930040775006851,
          0.23820773747492976
        ],
        [
          0.0931155326643848,
          0.9916519733994249,
          0.08919563458855018,
          -0.3917086761321562
        ],
        [
          -0.9919637328011938,
          0.10010450524208425,
          -0.07737597067152091,
          4.043471625804021
        ],
        [
          0.0,
          0.0,
          0.0,
          1.0
        ]
      ]
    },
    {
      "file_path": "images/extracted_0021",
      "transform_matrix": [
        [
          -0.09800523847599689,
          -0.08131236242976284,
          0.9918584944170988,
          0.24227786932913362
        ],
        [
          0.0939780206502768,
          0.9914465178750612,
          0.09056452853116514,
          -0.3923470633790133
        ],
        [
          -0.9907386662818402,
          0.1020886962866456,
          -0.08952537754499501,
          4.042476163909883
        ],
        [
          0.0,
          0.0,
          0.0,
          1.0
        ]
      ]
    },
    {
      "file_path": "images/extracted_0022",
      "transform_matrix": [
        [
          -0.11009467259344799,
          -0.08125127307653693,
          0.9905944647987813,
          0.24622579626411617
        ],
        [
          0.09421754429501286,
          0.9913118676421793,
          0.09178145465611176,
          -0.392678545536055
        ],
        [
          -0.9894454090113104,
          0.1034360270660887,
          -0.10148286008595031,
          4.054854183519539
        ],
        [
          0.0,
          0.0,
          0.0,
          1.0
        ]
      ]
    },
    {
      "file_path": "images/extracted_0023",
      "transform_matrix": [
        [
          -0.12102813110970949,
          -0.08106944933057422,
          0.9893330763020759,
          0.24960491998617235
        ],
        [
          0.09371550518535249,
          0.9912746352002005,
          0.09269305096156642,
          -0.3920307691989468
        ],
        [
          -0.9882153589010575,
          0.10393431576696331,
          -0.11237465211562625,
          4.048589598210438
        ],
        [
          0.0,
          0.0,
          0.0,
          1.0
        ]
      ]
    },
    {
      "file_path": "images/extracted_0024",
      "transform_matrix": [
        [
          -0.13221180720445636,
          -0.0808639972418091,
          0.9879175329883605,
          0.2535581400968116
        ],
        [
          0.09370039143474901,
          0.9911841128014458,
          0.09367118647153772,
          -0.39195154795286213
        ],
        [
          -0.9867827900205326,
          0.10495269639264856,
          -0.12346925463128888,
          4.05222869400057
        ],
        [
          0.0,
          0.0,
          0.0,
          1.0
        ]
      ]
    },
    {
      "file_path": "images/extracted_0025",
      "transform_matrix": [
        [
          -0.14297403044135598,
          -0.080739218035298,
          0.9864276989675438,
          0.25685718707713434
        ],
        [
          0.09326784379193641,
          0.9911326218518179,
          0.09464267121940399,
          -0.3914660458741472
        ],
        [
          -0.9853220468119839,
          0.10553342869531844,
          -0.13417585287246347,
          4.050328163174182
        ],
        [
          0.0,
          0.0,
          0.0,
          1.0
        ]
      ]
    },
    {
      "file_path": "images/extracted_0026",
      "transform_matrix": [
        [
          -0.15314960747556208,
          -0.08050946179813885,
          0.9849179784586409,
          0.25973952906451964
        ],
        [
          0.09351374847604986,
          0.991022451565247,
          0.09554935551622432,
          -0.3917294065219747
        ],
        [
          -0.9837684567905397,
          0.10673671839897347,
          -0.14424595789615346,
          4.050411435363146
        ],
        [
          0.0,
          0.0,
          0.0,
          1.0
        ]
      ]
    },
    {
      "file_path": "images/extracted_0027",
      "transform_matrix": [
        [
          -0.16456476229171535,
          -0.08049869461469109,
          0.9830759885060777,
          0.2633843254159787
        ],
        [
          0.09284415038530638,
          0.9909750291330585,
          0.09668741062808825,
          -0.3909817256605979
        ],
        [
          -0.9819869666910562,
          0.10718419566365486,
          -0.15560573719768023,
          4.045707482733699
        ],
        [
          0.0,
          0.0,
          0.0,
          1.0
        ]
      ]
    },
    {
      "file_path": "images/extracted_0028",
      "transform_matrix": [
        [
          -0.17698920902028015,
          -0.080341104592288,
          0.9809281965583753,
          0.2675336438366588
        ],
        [
          0.09235715486910258,
          0.9909091247503371,
          0.09782260695261291,
          -0.3902870275551461
        ],
        [
          -0.9798698769912565,
          0.10790928319385609,
          -0.1679601463613556,
          4.034765822415775
        ],
        [
          0.0,
          0.0,
          0.0,
          1.0
        ]
      ]
    },
    {
      "file_path": "images/extracted_0029",
      "transform_matrix": [
        [
          -0.18958444712247913,
          -0.08007703096917682,
          0.9785935859796064,
          0.27158857302824824
        ],
        [
          0.09265113059514596,
          0.9907625159196549,
          0.09902224521791471,
          -0.39071778618411
        ],
        [
          -0.9774832507049445,
          0.10944087974663362,
          -0.18041393635630742,
          4.040016702679146
        ],
        [
          0.0,
          0.0,
          0.0,
          1.0
        ]
      ]
    },
    {
      "file_path": "images/extracted_0030",
      "transform_matrix": [
        [
          -0.2036009470819516,
          -0.08000991013030657,
          0.9757792110043507,
          0.2763971533053156
        ],
        [
          0.09095625149178134,
          0.9907991345544588,
          0.10021993454747072,
          -0.3889150203440091
        ],
        [
          -0.9748197857357516,
          0.10915809290691988,
          -0.19445024065561878,
          4.038035481860812
        ],
        [
          0.0,
          0.0,
          0.0,
          1.0
        ]
      ]
    },
    {
      "file_path": "images/extracted_0031",
      "transform_matrix": [
        [
          -0.21758158903374142,
          -0.07982807231124935,
          0.9727721886364875,
          0.2808353380903514
        ],
        [
          0.09170334973790055,
          0.9905691597239022,
          0.10179997765584567,
          -0.38955724086323096
        ],
        [
          -0.9717246254780212,
          0.11135626913179306,
          -0.2082091101864837,
          4.031243771632715
        ],
        [
          0.0,
          0.0,
          0.0,
          1.0
        ]
      ]
    },
    {
      "file_path": "images/extracted_0032",
      "transform_matrix": [
        [
          -0.23200917652177286,
          -0.07934184933500192,
          0.969472337384513,
          0.2855994166628811
        ],
        [
          0.09222516951069985,
          0.9903837327270024,
          0.10312410027947858,
          -0.3900523381418779
        ],
        [
          -0.9683316891016279,
          0.11333548823661163,
          -0.2224607987663385,
          4.033096776570096
        ],
        [
          0.0,
          0.0,
          0.0,
          1.0
        ]
      ]
    },
    {
      "file_path": "images/extracted_0033",
      "transform_matrix": [
        [
          -0.24559046441624877,
          -0.07928337994448346,
          0.9661260111664469,
          0.2895872420275005
        ],
        [
          0.09187276706524715,
          0.9902597933704824,
          0.1046180496168053,
          -0.3895940198587381
        ],
        [
          -0.9650102167643542,
          0.11445386537128475,
          -0.2359143790488103,
          4.016889861922983
        ],
        [
          0.0,
          0.0,
          0.0,
          1.0
        ]
      ]
    },
    {
      "file_path": "images/extracted_0034",
      "transform_matrix": [
        [
          -0.2594982978017632,
          -0.07932965977564149,
          0.9624798379799282,
          0.2938503847308068
        ],
        [
          0.09100959413017332,
          0.9901764689083477,
          0.10614996088768482,
          -0.38875048594819017
        ],
        [
          -0.9614457276488617,
          0.11514063357510616,
          -0.2497293480664109,
          4.011061596967329
        ],
        [
          0.0,
          0.0,
          0.0,
          1.0
        ]
      ]
    },
    {
      "file_path": "images/extracted_0035",
      "transform_matrix": [
        [
          -0.2730743549732975,
          -0.07900523086323323,
          0.9587432243057394,
          0.29770732270680056
        ],
        [
          0.09116425016034825,
          0.9900113920043546,
          0.10754777168450137,
          -0.3890054740179988
        ],
        [
          -0.9576635506004285,
          0.11677164552170792,
          -0.26314426965741367,
          4.007839315341035
        ],
        [
          0.0,
          0.0,
          0.0,
          1.0
        ]
      ]
    },
    {
      "file_path": "images/extracted_0036",
      "transform_matrix": [
        [
          -0.2865912176556716,
          -0.07856946451801247,
          0.9548258025461986,
          0.30179049474032127
        ],
        [
          0.09066269391213114,
          0.9899348016253847,
          0.108670899800754,
          -0.3884351322031604
        ],
        [
          -0.9537535058364057,
          0.11771120497328655,
          -0.2765833008851081,
          3.9907044873408295
        ],
        [
          0.0,
          0.0,
          0.0,
          1.0
        ]
      ]
    },
    {
      "file_path": "images/extracted_0037",
      "transform_matrix": [
        [
          -0.2995674568889716,
          -0.07813270657783059,
          0.9508704532878794,
          0.30566464798382553
        ],
        [
          0.08999121709989746,
          0.9898837011380135,
          0.10968974002242504,
          -0.3877170416592515
        ],
        [
          -0.9498215198751573,
          0.11842946586103772,
          -0.28950568560550927,
          3.9842008359698853
        ],
        [
          0.0,
          0.0,
          0.0,
          1.0
        ]
      ]
    },
    {
      "file_path": "images/extracted_0038",
      "transform_matrix": [
        [
          -0.31275113179785446,
          -0.07803512274684579,
          0.9466241329994952,
          0.3094904051815224
        ],
        [
          0.08987318826737184,
          0.9897168809120295,
          0.11128030224806655,
          -0.38763148860083374
        ],
        [
          -0.9455736563535485,
          0.1198791693983914,
          -0.3025218093865849,
          3.9778423835568284
        ],
        [
          0.0,
          0.0,
          0.0,
          1.0
        ]
      ]
    },
    {
      "file_path": "images/extracted_0039",
      "transform_matrix": [
        [
          -0.32511443225254694,
          -0.077734362106162,
          0.9424743895136103,
          0.3128634227108745
        ],
        [
          0.08926405374155968,
          0.9896435216412175,
          0.11241720857232243,
          -0.3871653624062596
        ],
        [
          -0.9414523538930306,
          0.1206775414959933,
          -0.3148085073941853,
          3.9743196529723566
        ],
        [
          0.0,
          0.0,
          0.0,
          1.0
        ]
      ]
    },
    {
      "file_path": "images/extracted_0040",
      "transform_matrix": [
        [
          -0.3376583872424092,
          -0.07748765735172453,
          0.9380738118522427,
          0.31653176552135653
        ],
        [
          0.08857164052866984,
          0.989568086197542,
          0.11362247697262284,
          -0.3864435288938857
        ],
        [
          -0.9370922462697657,
          0.12145231878179952,
          -0.3272727551196537,
          3.977486165449618
        ],
        [
          0.0,
          0.0,
          0.0,
          1.0
        ]
      ]
    },
    {
      "file_path": "images/extracted_0041",
      "transform_matrix": [
        [
          -0.3498651854567992,
          -0.0771494711291639,
          0.9336178613917845,
          0.3200030032363613
        ],
        [
          0.08754878880745592,
          0.9895487634814312,
          0.11457946705548168,
          -0.3855205311432544
        ],
        [
          -0.9327001455900104,
          0.12182447946476536,
          -0.3394543188994831,
          3.976397009708668
        ],
        [
          0.0,
          0.0,
          0.0,
          1.0
        ]
      ]
    },
    {
      "file_path": "images/extracted_0042",
      "transform_matrix": [
        [
          -0.36208026094143964,
          -0.07675033328330697,
          0.9289818464197676,
          0.32341587406367944
        ],
        [
          0.08746664630625328,
          0.9894099847176233,
          0.11583379439960205,
          -0.38554459245838113
        ],
        [
          -0.9280341967947713,
          0.12319605708777286,
          -0.3515327311894447,
          3.972956059795096
        ],
        [
          0.0,
          0.0,
          0.0,
          1.0
        ]
      ]
    },
    {
      "file_path": "images/extracted_0043",
      "transform_matrix": [
        [
          -0.3739969692841569,
          -0.07636612335675892,
          0.9242805213622791,
          0.3268335783168592
        ],
        [
          0.08682857273550919,
          0.9893436522479075,
          0.11687573192705841,
          -0.3849656262741017
        ],
        [
          -0.9233564132679106,
          0.12396512800070636,
          -0.36338076602482516,
          3.9699239303692
        ],
        [
          0.0,
          0.0,
          0.0,
          1.0
        ]
      ]
    },
    {
      "file_path": "images/extracted_0044",
      "transform_matrix": [
        [
          -0.38538452143515556,
          -0.07590376564615245,
          0.919628940931575,
          0.32953876255449094
        ],
        [
          0.08653313223134812,
          0.9892464701594269,
          0.11791284197807342,
          -0.3848529331619294
        ],
        [
          -0.9186897123971882,
          0.12502015692618554,
          -0.3746720868942919,
          3.9695385933980476
        ],
        [
          0.0,
          0.0,
          0.0,
          1.0
        ]
      ]
    },
    {
      "file_path": "images/extracted_0045",
      "transform_matrix": [
        [
          -0.3969726732007438,
          -0.07567738542931246,
          0.9147052148459849,
          0.3327680991559934
        ],
        [
          0.08607963320266765,
          0.9891326422534463,
          0.11919275471441175,
          -0.3844436609880807
        ],
        [
          -0.9137849820825195,
          0.12605375584765022,
          -0.3861443475659735,
          3.9579640485376726
        ],
        [
          0.0,
          0.0,
          0.0,
          1.0
        ]
      ]
    },
    {
      "file_path": "images/extracted_0046",
      "transform_matrix": [
        [
          -0.40833213038367755,
          -0.07510440986164041,
          0.9097385332696768,
          0.3356104617898763
        ],
        [
          0.08603247591769175,
          0.9890070930557013,
          0.12026380574795997,
          -0.38436708278260706
        ],
        [
          -0.908770204388216,
          0.12737463446403288,
          -0.39738195493926853,
          3.9539917348375546
        ],
        [
          0.0,
          0.0,
          0.0,
          1.0
        ]
      ]
    },
    {
      "file_path": "images/extracted_0047",
      "transform_matrix": [
        [
          -0.4205712475129366,
          -0.0749423794090805,
          0.904158982443861,
          0.3393060372151047
        ],
        [
          0.08544949190874981,
          0.9888805109737808,
          0.12171162372087008,
          -0.38405032011728774
        ],
        [
          -0.9032265552440035,
          0.12844833507967157,
          -0.40949092189853453,
          3.9569754868358866
        ],
        [
          0.0,
          0.0,
          0.0,
          1.0
        ]
      ]
    },
    {
      "file_path": "images/extracted_0048",
      "transform_matrix": [
        [
          -0.43222959069591066,
          -0.07453067462758411,
          0.8986783403790272,
          0.34224356753748586
        ],
        [
          0.08506514690035821,
          0.9887648060879438,
          0.12291492596381938,
          -0.38381767339973344
        ],
        [
          -0.897742447314187,
          0.12957367318027188,
          -0.4210334446441353,
          3.945297252918321
        ],
        [
          0.0,
          0.0,
          0.0,
          1.0
        ]
      ]
    },
    {
      "file_path": "images/extracted_0049",
      "transform_matrix": [
        [
          -0.4446726419007711,
          -0.0741308356552682,
          0.892620222014962,
          0.3455547629081313
        ],
        [
          0.08452520412294146,
          0.9886488336614733,
          0.12421341943519523,
          -0.3834246283251734
        ],
        [
          -0.8916959859800669,
          0.13068321584985684,
          -0.4333591647607975,
          3.9413481318549386
        ],
        [
          0.0,
          0.0,
          0.0,
          1.0
        ]
      ]
    },
    {
      "file_path": "images/extracted_0050",
      "transform_matrix": [
        [
          -0.456691148503696,
          -0.07368845385718478,
          0.8865682188340123,
          0.3486275766335237
        ],
        [
          0.0836880807998065,
          0.9885857966167315,
          0.12527740362773881,
          -0.3826665478101543
        ],
        [
          -0.8856802470476692,
          0.13140827407663447,
          -0.44531153757092345,
          3.9240145638297825
        ],
        [
          0.0,
          0.0,
          0.0,
          1.0
        ]
      ]
    },
    {
      "file_path": "images/extracted_0051",
      "transform_matrix": [
        [
          -0.46840067576059075,
          -0.07328568077130132,
          0.8804714736667563,
          0.3514465954896179
        ],
        [
          0.08319937016644757,
          0.98846677912956,
          0.12653573155887635,
          -0.3824394184035361
        ],
        [
          -0.8795900589200227,
          0.1325240942286364,
          -0.45690118482878894,
          3.91933704454647
        ],
        [
          0.0,
          0.0,
          0.0,
          1.0
        ]
      ]
    },
    {
      "file_path": "images/extracted_0052",
      "transform_matrix": [
        [
          -0.4796941811020966,
          -0.07265077496140399,
          0.8744228711065929,
          0.35409026147193284
        ],
        [
          0.08308765352632153,
          0.9883270911899661,
          0.12769495938160721,
          -0.3824511180620369
        ],
        [
          -0.8734929504284965,
          0.1339082735214214,
          -0.46805837225097613,
          3.9062000411928013
        ],
        [
          0.0,
          0.0,
          0.0,
          1.0
        ]
      ]
    },
    {
      "file_path": "images/extracted_0053",
      "transform_matrix": [
        [
          -0.49189465814154854,
          -0.07218275898323316,
          0.8676573601355422,
          0.3575555953446136
        ],
        [
          0.08216652284381103,
          0.9882609449857248,
          0.12879816434902988,
          -0.3818704654963241
        ],
        [
          -0.8667688895060592,
          0.13464751732390282,
          -0.4801892733734716,
          3.9048949248817832
        ],
        [
          0.0,
          0.0,
          0.0,
          1.0
        ]
      ]
    },
    {
      "file_path": "images/extracted_0054",
      "transform_matrix": [
        [
          -0.5031271548464663,
          -0.07165256053009689,
          0.86123688763637,
          0.3601837250830946
        ],
        [
          0.08175123537320506,
          0.9881420801300013,
          0.12996909244627697,
          -0.38152501081549833
        ],
        [
          -0.8603370278972394,
          0.13579815921372007,
          -0.4913034280188877,
          3.8953155886602433
        ],
        [
          0.0,
          0.0,
          0.0,
          1.0
        ]
      ]
    },
    {
      "file_path": "images/extracted_0055",
      "transform_matrix": [
        [
          -0.5145239231811887,
          -0.07119487242958175,
          0.8545153144408675,
          0.3630177769930867
        ],
        [
          0.0808585155048343,
          0.9880781228740563,
          0.131009631584994,
          -0.3807828088025061
        ],
        [
          -0.8536551018676064,
          0.1365024294194685,
          -0.5026331204944521,
          3.892743226747197
        ],
        [
          0.0,
          0.0,
          0.0,
          1.0
        ]
      ]
    },
    {
      "file_path": "images/extracted_0056",
      "transform_matrix": [
        [
          -0.5256358465906759,
          -0.07061641669662978,
          0.8477737189084315,
          0.36551078394577463
        ],
        [
          0.0801183314588333,
          0.9880102801120686,
          0.13197249469917635,
          -0.3804285462224094
        ],
        [
          -0.8469285741685403,
          0.13729168979147846,
          -0.5136759505476624,
          3.893054104472679
        ],
        [
          0.0,
          0.0,
          0.0,
          1.0
        ]
      ]
    },
    {
      "file_path": "images/extracted_0057",
      "transform_matrix": [
        [
          -0.5368682255544827,
          -0.07030841665511359,
          0.8407313690694742,
          0.36838974691656823
        ],
        [
          0.07936169275287097,
          0.9878940035050421,
          0.13329350907744486,
          -0.38000530755229495
        ],
        [
          -0.8399251336359572,
          0.13828291429613027,
          -0.5247891057371418,
          3.8875389791227235
        ],
        [
          0.0,
          0.0,
          0.0,
          1.0
        ]
      ]
    },
    {
      "file_path": "images/extracted_0058",
      "transform_matrix": [
        [
          -0.5478299835100844,
          -0.06992220573844708,
          0.8336625182362535,
          0.37101333981997825
        ],
        [
          0.07864134799147278,
          0.9877843962637726,
          0.13452704145969546,
          -0.3794701528066238
        ],
        [
          -0.8328852547340632,
          0.13925829110859006,
          -0.5356391330028926,
          3.8912139232103597
        ],
        [
          0.0,
          0.0,
          0.0,
          1.0
        ]
      ]
    },
    {
      "file_path": "images/extracted_0059",
      "transform_matrix": [
        [
          -0.5581961216499409,
          -0.06928463854900936,
          0.8268111807638415,
          0.37348771814656223
        ],
        [
          0.07775965476002634,
          0.9877529826659613,
          0.13526818297773702,
          -0.37884957648332834
        ],
        [
          -0.8260572170658437,
          0.13979872708873337,
          -0.5459723344985569,
          3.884606484541005
        ],
        [
          0.0,
          0.0,
          0.0,
          1.0
        ]
      ]
    },
    {
      "file_path": "images/extracted_0060",
      "transform_matrix": [
        [
          -0.5686758849374065,
          -0.06884306886901817,
          0.8196757711188942,
          0.3758097790429689
        ],
        [
          0.07704498598909737,
          0.9876528458239596,
          0.13640354199863625,
          -0.37853841934504806
        ],
        [
          -0.8189455464343145,
          0.1407213132561289,
          -0.5563503428334281,
          3.880590187240043
        ],
        [
          0.0,
          0.0,
          0.0,
          1.0
        ]
      ]
    },
    {
      "file_path": "images/extracted_0061",
      "transform_matrix": [
        [
          -0.5785088630002746,
          -0.0682958968104614,
          0.8128118883905328,
          0.3779804549959505
        ],
        [
          0.07626700769711374,
          0.9875940235115619,
          0.13726393649161098,
          -0.3781473014362109
        ],
        [
          -0.8121027268560655,
          0.1413991343788901,
          -0.5661231719598153,
          3.8824511450760544
        ],
        [
          0.0,
          0.0,
          0.0,
          1.0
        ]
      ]
    },
    {
      "file_path": "images/extracted_0062",
      "transform_matrix": [
        [
          -0.5888349473490057,
          -0.06761981020682781,
          0.8054197452559048,
          0.3805698450292889
        ],
        [
          0.07616712162181677,
          0.9874172665463699,
          0.13858467198771435,
          -0.3781927851515049
        ],
        [
          -0.8046564325004438,
          0.14295000172678418,
          -0.5762753878502632,
          3.877279646535512
        ],
        [
          0.0,
          0.0,
          0.0,
          1.0
        ]
      ]
    },
    {
      "file_path": "images/extracted_0063",
      "transform_matrix": [
        [
          -0.59860478974305,
          -0.06717039028331467,
          0.798223304825076,
          0.38261580439659154
        ],
        [
          0.07542739880923893,
          0.9873242573486913,
          0.13964783693178792,
          -0.3778454203815268
        ],
        [
          -0.7974854313437651,
          0.14380177161649435,
          -0.5859505416623545,
          3.8722051282216863
        ],
        [
          0.0,
          0.0,
          0.0,
          1.0
        ]
      ]
    },
    {
      "file_path": "images/extracted_0064",
      "transform_matrix": [
        [
          -0.6082636392889132,
          -0.0666857303579616,
          0.7909287948264572,
          0.38445379076501707
        ],
        [
          0.07476626568859673,
          0.9872202178171321,
          0.14073466896282685,
          -0.3776130085387639
        ],
        [
          -0.7902058912928889,
          0.14473857433220602,
          -0.5955043194354609,
          3.870505252005367
        ],
        [
          0.0,
          0.0,
          0.0,
          1.0
        ]
      ]
    },
    {
      "file_path": "images/extracted_0065",
      "transform_matrix": [
        [
          -0.6185431115048188,
          -0.06585334798012428,
          0.782986433962777,
          0.3867745887402791
        ],
        [
          0.07390897120637659,
          0.9871876483867815,
          0.1414143233473588,
          -0.3768247692370979
        ],
        [
          -0.7822671431072332,
          0.1453405773773622,
          -0.6057509664725783,
          3.858486923455617
        ],
        [
          0.0,
          0.0,
          0.0,
          1.0
        ]
      ]
    },
    {
      "file_path": "images/extracted_0066",
      "transform_matrix": [
        [
          -0.6284797029976926,
          -0.065479790961188,
          0.7750649391474315,
          0.38834922855209825
        ],
        [
          0.07290926793858707,
          0.9871038909764083,
