{"camera_angle_x": 0.10876138908887395, "camera_angle_y": 0.06121953227088921, "fl_x": 17635.918375683606, "fl_y": 17635.918375683606, "k1": -2.188796548335941, "k2": 0, "k3": 0, "k4": 0, "p1": 0, "p2": 0, "is_fisheye": false, "cx": 960.0, "cy": 540.0, "w": 1920.0, "h": 1080.0, "aabb_scale": 32, "frames": [{"sharpness": 7.579709430040252, "transform_matrix": [[-0.00015389441828028287, -0.9999103638409246, -0.013388076785625782, -0.10035705305894649], [0.9999802009022158, -6.96559127096117e-05, -0.006292293033376846, -0.08880937738051625], [0.006290796457689629, -0.01338878006256038, 0.9998905772375117, 4.863035969660892], [0.0, 0.0, 0.0, 1.0]], "w": 1920.0, "h": 1080.0, "fl_x": 18323.678247299362, "fl_y": 18323.678247299362, "k1": -1.7925040448973153, "k2": 0, "k3": 0, "k4": 0, "p1": 0, "p2": 0, "cx": 960.0, "cy": 540.0, "is_fisheye": false, "camera_angle_x": 0.10468674266644758, "camera_angle_y": 0.05892307721914898, "fovx": 5.9981085257595685, "fovy": 3.3760436405806837, "file_path": "db/final/train_0014.png"}, {"sharpness": 7.840623389028868, "transform_matrix": [[-0.0003272337846321028, -0.9999190863709853, -0.012716667372556703, -0.08457225444105874], [0.9999658279435037, -0.00043224220508678105, 0.008255671501417908, 0.1392305672505664], [-0.008260500185423243, -0.012713531283250715, 0.9998850585237266, 4.486461306783152], [0.0, 0.0, 0.0, 1.0]], "w": 1920.0, "h": 1080.0, "fl_x": 17899.52085155361, "fl_y": 17899.52085155361, "k1": -1.9842996262174026, "k2": 0, "k3": 0, "k4": 0, "p1": 0, "p2": 0, "cx": 960.0, "cy": 540.0, "is_fisheye": false, "camera_angle_x": 0.10716276969985895, "camera_angle_y": 0.060318515785704956, "fovx": 6.139974424734337, "fovy": 3.4559963810141268, "file_path": "db/final/train_0003.png"}, {"sharpness": 7.702069833724042, "transform_matrix": [[0.0007198615312403411, -0.9999980312043805, -0.0018491583865014884, 0.10238109919055055], [0.9999971345766584, 0.0007240802773604968, -0.0022817857534068136, -0.002386034046357728], [0.0022831202001544, -0.0018475105180934751, 0.9999956870242175, -5.130929899521341], [0.0, 0.0, 0.0, 1.0]], "w": 1920.0, "h": 1080.0, "fl_x": 7072.241685943165, "fl_y": 7072.241685943165, "k1": 2.1053467793050387, "k2": 0, "k3": 0, "k4": 0, "p1": 0, "p2": 0, "cx": 960.0, "cy": 540.0, "is_fisheye": false, "camera_angle_x": 0.26983468634614316, "camera_angle_y": 0.15241397793058, "fovx": 15.460388693870344, "fovy": 8.732677674222307, "file_path": "db/final/train_0035.png"}, {"sharpness": 7.940010976279093, "transform_matrix": [[0.0004124964431437827, -0.9999998085997144, -0.0004611368764700961, 0.1120267810873761], [0.9999973732253167, 0.00041353504740248567, -0.0022544469901185286, -0.002001227015195408], [0.0022546372548768014, -0.0004602057138027433, 0.9999973524072701, -5.17044577190414], [0.0, 0.0, 0.0, 1.0]], "w": 1920.0, "h": 1080.0, "fl_x": 7024.15522111543, "fl_y": 7024.15522111543, "k1": 2.114133972768798, "k2": 0, "k3": 0, "k4": 0, "p1": 0, "p2": 0, "cx": 960.0, "cy": 540.0, "is_fisheye": false, "camera_angle_x": 0.2716593782658355, "camera_angle_y": 0.15345330808435537, "fovx": 15.564935839780341, "fovy": 8.792226905554317, "file_path": "db/final/train_0031.png"}, {"sharpness": 8.15070527985917, "transform_matrix": [[0.000414478635965651, -0.9999991193476663, -0.0012607582449817626, 0.1077707960653018], [0.9999990592760901, 0.0004161264412548448, -0.0013070140472957953, 0.0037277161624526293], [0.0013075375311125915, -0.001260215329556826, 0.9999983511001044, -5.169331521099091], [0.0, 0.0, 0.0, 1.0]], "w": 1920.0, "h": 1080.0, "fl_x": 7015.964004234436, "fl_y": 7015.964004234436, "k1": 2.191671819305082, "k2": 0, "k3": 0, "k4": 0, "p1": 0, "p2": 0, "cx": 960.0, "cy": 540.0, "is_fisheye": false, "camera_angle_x": 0.27197265023388223, "camera_angle_y": 0.1536317630153805, "fovx": 15.582885001389174, "fovy": 8.802451619935358, "file_path": "db/final/train_0028.png"}, {"sharpness": 7.933147409920444, "transform_matrix": [[-0.00014478317896106518, -0.999910646182094, -0.013367074831021212, -0.09975645788045373], [0.9999726794318201, -4.597697774780187e-05, -0.00739177083409057, -0.10659649001164918], [0.007390495773443398, -0.01336777983902144, 0.9998833347118045, 4.830101004257988], [0.0, 0.0, 0.0, 1.0]], "w": 1920.0, "h": 1080.0, "fl_x": 18279.126718561114, "fl_y": 18279.126718561114, "k1": -1.628474402236525, "k2": 0, "k3": 0, "k4": 0, "p1": 0, "p2": 0, "cx": 960.0, "cy": 540.0, "is_fisheye": false, "camera_angle_x": 0.10494142710086278, "camera_angle_y": 0.0590666064415537, "fovx": 6.012700868959236, "fovy": 3.384267259261269, "file_path": "db/final/train_0017.png"}, {"sharpness": 8.003800343789287, "transform_matrix": [[-0.0001661581357021998, -0.9999105376169385, -0.013374945012184102, -0.09997387484179689], [0.9999827529849659, -8.761897257019765e-05, -0.0058724829096997565, -0.0820897806262679], [0.005870785644444015, -0.013375690095118613, 0.9998933067034684, 4.851679603037549], [0.0, 0.0, 0.0, 1.0]], "w": 1920.0, "h": 1080.0, "fl_x": 18305.466555338324, "fl_y": 18305.466555338324, "k1": -1.6713538417674456, "k2": 0, "k3": 0, "k4": 0, "p1": 0, "p2": 0, "cx": 960.0, "cy": 540.0, "is_fisheye": false, "camera_angle_x": 0.10479070270832985, "camera_angle_y": 0.058981664481156215, "fovx": 6.004064997397426, "fovy": 3.379400443426926, "file_path": "db/final/train_0013.png"}, {"sharpness": 7.843347908928432, "transform_matrix": [[-0.0008723108423372891, -0.9999974423988061, 0.0020866886784813125, -0.1309677580321978], [0.9999869081423373, -0.0008617765859453928, 0.005043895820145092, 0.12768660591960013], [-0.005042084660425847, 0.00209106120486168, 0.9999851023116868, -2.116801901305806], [0.0, 0.0, 0.0, 1.0]], "w": 1920.0, "h": 1080.0, "fl_x": 4594.41088267232, "fl_y": 4594.41088267232, "k1": -3.1106569914998, "k2": 0, "k3": 0, "k4": 0, "p1": 0, "p2": 0, "cx": 960.0, "cy": 540.0, "is_fisheye": false, "camera_angle_x": 0.4119717642608734, "camera_angle_y": 0.23399467504068963, "fovx": 23.60424337070653, "fovy": 13.406907308366701, "file_path": "db/final/train_0069.jpg"}, {"sharpness": 7.868270958585181, "transform_matrix": [[-0.0003007127695409855, -0.9999134865127253, -0.013150249495594485, -0.09497058629185143], [0.9999920185630949, -0.00024829357453637753, -0.003987625911217879, -0.05157824331262741], [0.003984015805341044, -0.013151343667739502, 0.9999055804313705, 4.73847018969308], [0.0, 0.0, 0.0, 1.0]], "w": 1920.0, "h": 1080.0, "fl_x": 18177.963000499007, "fl_y": 18177.963000499007, "k1": -1.782582411042017, "k2": 0, "k3": 0, "k4": 0, "p1": 0, "p2": 0, "cx": 960.0, "cy": 540.0, "is_fisheye": false, "camera_angle_x": 0.10552436521827939, "camera_angle_y": 0.05939513029956286, "fovx": 6.046100762804509, "fovy": 3.4030902897945485, "file_path": "db/final/train_0011.png"}, {"sharpness": 7.5281550485346695, "transform_matrix": [[0.00016903107313250883, -0.9999655960457967, -0.008293259508217828, 0.026350043495966344], [0.9999640610111964, 9.872280893752162e-05, 0.008477437101114921, 0.09963148893773484], [-0.008476326709883237, -0.008294394407147833, 0.9999296749806589, -0.6323364402523586], [0.0, 0.0, 0.0, 1.0]], "w": 1920.0, "h": 1080.0, "fl_x": 12001.977013130274, "fl_y": 12001.977013130274, "k1": -1.2868820940534984, "k2": 0, "k3": 0, "k4": 0, "p1": 0, "p2": 0, "cx": 960.0, "cy": 540.0, "is_fisheye": false, "camera_angle_x": 0.159633783168786, "camera_angle_y": 0.08992452850398525, "fovx": 9.146342043277954, "fovy": 5.152295957982225, "file_path": "db/final/train_0054.png"}]}