{"camera_angle_x": 0.7108607975511367, "camera_angle_y": 0.7108607975511367, "fl_x": 689.6649170327819, "fl_y": 689.6649170327819, "k1": 0, "k2": 0, "k3": 0, "k4": 0, "p1": 0, "p2": 0, "is_fisheye": false, "cx": 249.3177842026944, "cy": 267.48321915515527, "w": 512.0, "h": 512.0, "aabb_scale": 32, "frames": [{"file_path": "./porcelain/imgs/train_391.png", "sharpness": 191.95964679411554, "transform_matrix": [[0.9280490754439913, -0.03022987031225612, 0.3712291320968348, 1.4706117934340004], [0.37241895747538967, 0.06089641340289711, -0.9260646559218274, -3.7446449701926237], [0.005388291753913421, 0.9976862140896069, 0.06777303694272044, 0.26215782332501636], [0.0, 0.0, 0.0, 1.0]]}, {"file_path": "./porcelain/imgs/train_15.png", "sharpness": 170.30462332529714, "transform_matrix": [[0.7746743054140147, 0.039790731937894834, -0.6311072953088651, -2.538414613744877], [-0.6323603726702977, 0.04830039002003946, -0.7731671432492446, -3.0721918827255443], [-0.0002821580323081621, 0.9980399641220058, 0.06257915316707124, 0.2508867835873181], [0.0, 0.0, 0.0, 1.0]]}, {"file_path": "./porcelain/imgs/train_110.png", "sharpness": 178.94035819894634, "transform_matrix": [[0.7181433467059511, 0.04451271012348534, -0.6944701233518603, -2.786922846530938], [-0.6958946789603092, 0.04471103261676485, -0.7167506674967756, -2.8385090421784844], [-0.0008540383565448199, 0.9980077866473308, 0.06308508871911875, 0.25477028608796237], [0.0, 0.0, 0.0, 1.0]]}, {"file_path": "./porcelain/imgs/train_82.png", "sharpness": 196.63498904764128, "transform_matrix": [[0.999427060399392, -0.00048326583304188, -0.0338425383870259, -0.1632511319059113], [-0.03374215391358663, 0.06403634680219, -0.9973769665164254, -4.015910533852108], [0.002649150735398422, 0.9979474498946553, 0.0639833514131091, 0.24569788907319595], [0.0, 0.0, 0.0, 1.0]]}, {"file_path": "./porcelain/imgs/train_227.png", "sharpness": 173.1491455227224, "transform_matrix": [[0.2492094760168307, 0.061125662657500364, -0.9665186446401396, -3.8529904370133403], [-0.9684413529503962, 0.011609345842969283, -0.24897102037127034, -0.9644768704453733], [-0.003997869393402624, 0.9980625613971782, 0.06208977843844356, 0.25367011181081983], [0.0, 0.0, 0.0, 1.0]]}, {"file_path": "./porcelain/imgs/train_210.png", "sharpness": 163.46571800437232, "transform_matrix": [[0.1805237131467299, 0.06186146070970763, -0.9816233232149161, -3.9181101091014328], [-0.9835634640204575, 0.007543588927953504, -0.18040511774939758, -0.6914004204893438], [-0.003755161271059616, 0.9980562378713257, 0.062206469268731905, 0.2523402143369823], [0.0, 0.0, 0.0, 1.0]]}, {"file_path": "./porcelain/imgs/train_200.png", "sharpness": 205.60441773053026, "transform_matrix": [[-0.9643191277114476, -0.02084708560987968, 0.2639204784784976, 1.095586404994722], [0.2647397441933708, -0.07134127223137851, 0.9616773319158777, 3.8362483820988835], [-0.0012197469649608604, 0.9972340858127816, 0.07431480551952473, 0.2999793322769318], [0.0, 0.0, 0.0, 1.0]]}, {"file_path": "./porcelain/imgs/train_16.png", "sharpness": 183.57570409192704, "transform_matrix": [[0.8322673550188365, -0.04067875873817938, 0.5528799945434663, 2.182398279455437], [0.554343057320306, 0.05045029968819408, -0.8307578119176204, -3.332324686788976], [0.0059012351845297364, 0.9978977932923733, 0.06453812496831841, 0.26473365265311366], [0.0, 0.0, 0.0, 1.0]]}, {"file_path": "./porcelain/imgs/train_83.png", "sharpness": 205.82500559544133, "transform_matrix": [[-0.32708866854353813, 0.0649496108034521, -0.9427590100210151, -3.7980311598898955], [-0.9449786722105689, -0.02809782120325952, 0.325923030040502, 1.3455153196907637], [-0.005320900148320001, 0.9974928874478357, 0.07056647590398807, 0.267954264827565], [0.0, 0.0, 0.0, 1.0]]}, {"file_path": "./porcelain/imgs/train_147.png", "sharpness": 167.68627362739062, "transform_matrix": [[0.2064172371984384, 0.0626258101350579, -0.9764578496285462, -3.8991220669826188], [-0.9784566993764419, 0.009339604599702397, -0.20624077974854227, -0.7938278356445588], [-0.0037962656908322274, 0.99799337658111, 0.06320449885852078, 0.2552068081893535], [0.0, 0.0, 0.0, 1.0]]}]}