{
  "camera_angle_x": 0.7108607975511367,
  "camera_angle_y": 0.7108607975511367,
  "fl_x": 689.6649170327819,
  "fl_y": 689.6649170327819,
  "k1": 0,
  "k2": 0,
  "k3": 0,
  "k4": 0,
  "p1": 0,
  "p2": 0,
  "is_fisheye": false,
  "cx": 249.3177842026944,
  "cy": 267.48321915515527,
  "w": 512.0,
  "h": 512.0,
  "aabb_scale": 32,
  "frames": [
    {
      "file_path": "./porcelain/imgs/test_0.png",
      "sharpness": 200.35136584668362,
      "transform_matrix": [
        [
          -0.9593761912282702,
          0.016560551512159887,
          -0.2816435190925979,
          -1.0867281384745726
        ],
        [
          -0.2820922310946217,
          -0.07263520678792734,
          0.9566337334063325,
          3.8445072515838126
        ],
        [
          -0.0046148530294250825,
          0.99722107623002,
          0.07435609096150214,
          0.2989745471138051
        ],
        [
          0.0,
          0.0,
          0.0,
          1.0
        ]
      ]
    },
    {
      "file_path": "./porcelain/imgs/test_11.png",
      "sharpness": 201.23637975331803,
      "transform_matrix": [
        [
          -0.9845543574933813,
          0.008967865492972692,
          -0.1748493481206229,
          -0.6632818438618269
        ],
        [
          -0.17502458319124828,
          -0.07535239742284645,
          0.9816763272491417,
          3.9295197020223127
        ],
        [
          -0.004371776308305098,
          0.997116639917315,
          0.07575812815025924,
          0.30579191498497404
        ],
        [
          0.0,
          0.0,
          0.0,
          1.0
        ]
      ]
    },
    {
      "file_path": "./porcelain/imgs/test_13.png",
      "sharpness": 192.19362220703624,
      "transform_matrix": [
        [
          -0.7916847965844986,
          0.037579731850362015,
          -0.609772864778292,
          -2.407460262103564
        ],
        [
          -0.610906879753784,
          -0.057336490861823755,
          0.7896235249061099,
          3.1813576204119123
        ],
        [
          -0.0052883959604393726,
          0.997647377873864,
          0.06835014483150059,
          0.2805780412048637
        ],
        [
          0.0,
          0.0,
          0.0,
          1.0
        ]
      ]
    },
    {
      "file_path": "./porcelain/imgs/test_10.png",
      "sharpness": 202.13106200062612,
      "transform_matrix": [
        [
          -0.9965895829914072,
          -0.008543663039763876,
          0.08207441077331254,
          0.36901519095714613
        ],
        [
          0.08247924553951481,
          -0.0726970805644579,
          0.9939377790046219,
          3.9714875942536456
        ],
        [
          -0.0025252994140389103,
          0.9973174721763067,
          0.07315382808608949,
          0.29730238923963487
        ],
        [
          0.0,
          0.0,
          0.0,
          1.0
        ]
      ]
    },
    {
      "file_path": "./porcelain/imgs/test_12.png",
      "sharpness": 202.26012175505457,
      "transform_matrix": [
        [
          -0.31695845498592634,
          0.06403669094274528,
          -0.9462751397109328,
          -3.812808148130745
        ],
        [
          -0.9484230956128911,
          -0.02725419064094794,
          0.3158335650315974,
          1.3038099851995202
        ],
        [
          -0.005565026663197553,
          0.997575316111281,
          0.06937232281417145,
          0.26406213727046013
        ],
        [
          0.0,
          0.0,
          0.0,
          1.0
        ]
      ]
    },
    {
      "file_path": "./porcelain/imgs/test_16.png",
      "sharpness": 195.55628913268447,
      "transform_matrix": [
        [
          -0.7231804402023644,
          0.042895349918506895,
          -0.6893257864558644,
          -2.73010079347423
        ],
        [
          -0.6906369161486403,
          -0.05292079090980978,
          0.7212628092049256,
          2.91265697528099
        ],
        [
          -0.00554084522972043,
          0.9976769912420266,
          0.06789639305084796,
          0.2778446488929461
        ],
        [
          0.0,
          0.0,
          0.0,
          1.0
        ]
      ]
    },
    {
      "file_path": "./porcelain/imgs/test_17.png",
      "sharpness": 202.1690631955862,
      "transform_matrix": [
        [
          -0.7477116421423875,
          0.042068773110102445,
          -0.66268960950256,
          -2.621219834720093
        ],
        [
          -0.6640023644514014,
          -0.05534482186530845,
          0.745679428907388,
          3.0094036184505564
        ],
        [
          -0.0053066196823343716,
          0.9975806579072186,
          0.06931573245566533,
          0.28243574314595676
        ],
        [
          0.0,
          0.0,
          0.0,
          1.0
        ]
      ]
    },
    {
      "file_path": "./porcelain/imgs/test_1.png",
      "sharpness": 200.92723216465674,
      "transform_matrix": [
        [
          0.671128405013345,
          -0.052716368216122265,
          0.7394644335701739,
          2.9227420281986105
        ],
        [
          0.7413125748953585,
          0.038967737850516666,
          -0.6700277469693564,
          -2.690997471895531
        ],
        [
          0.006506173227112113,
          0.9978489364316728,
          0.06523166241202089,
          0.27007186090099666
        ],
        [
          0.0,
          0.0,
          0.0,
          1.0
        ]
      ]
    },
    {
      "file_path": "./porcelain/imgs/test_15.png",
      "sharpness": 200.22499967733165,
      "transform_matrix": [
        [
          0.3687158504231372,
          -0.06535429991594513,
          0.9272418439318579,
          3.6709449057768544
        ],
        [
          0.929523575794111,
          0.019615937768474756,
          -0.3682405966598447,
          -1.4936143742468322
        ],
        [
          0.005877388088440981,
          0.9976692991552235,
          0.06798106972754062,
          0.2815359091354735
        ],
        [
          0.0,
          0.0,
          0.0,
          1.0
        ]
      ]
    },
    {
      "file_path": "./porcelain/imgs/test_14.png",
      "sharpness": 231.33405591448536,
      "transform_matrix": [
        [
          0.044246642149717394,
          -0.07154854708881103,
          0.9964552373673728,
          3.95756089043125
        ],
        [
          0.9990071622065451,
          -0.002011789527825319,
          -0.04450441060082138,
          -0.2144844465607502
        ],
        [
          0.005188884129015021,
          0.997435089678167,
          0.07138849605587629,
          0.29257009121261285
        ],
        [
          0.0,
          0.0,
          0.0,
          1.0
        ]
      ]
    },
    {
      "file_path": "./porcelain/imgs/test_2.png",
      "sharpness": 192.0980745050474,
      "transform_matrix": [
        [
          -0.9039635103807389,
          0.02604729251000542,
          -0.4268155461811849,
          -1.6757401429475327
        ],
        [
          -0.42757723735935427,
          -0.06734001917620516,
          0.9014671529842321,
          3.6291017584119682
        ],
        [
          -0.005260988442601402,
          0.997390024202731,
          0.07201014949574772,
          0.2909386614600951
        ],
        [
          0.0,
          0.0,
          0.0,
          1.0
        ]
      ]
    },
    {
      "file_path": "./porcelain/imgs/test_20.png",
      "sharpness": 161.41868093782978,
      "transform_matrix": [
        [
          0.5786538786593974,
          0.052220163388028554,
          -0.8138997132675956,
          -3.2592419838222955
        ],
        [
          -0.8155718698730734,
          0.035229850300344416,
          -0.5775823601180685,
          -2.2817660404660747
        ],
        [
          -0.001487880157498004,
          0.9980139839663814,
          0.06297518582033611,
          0.25460635387304037
        ],
        [
          0.0,
          0.0,
          0.0,
          1.0
        ]
      ]
    },
    {
      "file_path": "./porcelain/imgs/test_21.png",
      "sharpness": 201.70859319058945,
      "transform_matrix": [
        [
          -0.98910391129679,
          0.006578203821326238,
          -0.14707202283502827,
          -0.5524822962395183
        ],
        [
          -0.1471513243123517,
          -0.07447773838542393,
          0.986306014499616,
          3.943730479605045
        ],
        [
          -0.004465469646943962,
          0.9972009796065915,
          0.07463421374546671,
          0.30318901254057784
        ],
        [
          0.0,
          0.0,
          0.0,
          1.0
        ]
      ]
    },
    {
      "file_path": "./porcelain/imgs/test_19.png",
      "sharpness": 201.14864868618315,
      "transform_matrix": [
        [
          -0.13594349768918423,
          0.06538233844967456,
          -0.988556784036099,
          -3.984372885154872
        ],
        [
          -0.9907042805129377,
          -0.013945920891723864,
          0.1353164434347456,
          0.5781367959358898
        ],
        [
          -0.004939029204687608,
          0.9977628280900478,
          0.06667041983655583,
          0.25411994883251515
        ],
        [
          0.0,
          0.0,
          0.0,
          1.0
        ]
      ]
    },
    {
      "file_path": "./porcelain/imgs/test_22.png",
      "sharpness": 218.9102876023244,
      "transform_matrix": [
        [
          -0.9865742339958289,
          -0.013777075192819776,
          0.16273129085578159,
          0.6906920673734239
        ],
        [
          0.1633030629996152,
          -0.07198729197290563,
          0.9839461059475555,
          3.924603275262283
        ],
        [
          -0.0018413145393587384,
          0.9973103940110171,
          0.07327064601376686,
          0.29895703145650054
        ],
        [
          0.0,
          0.0,
          0.0,
          1.0
        ]
      ]
    },
    {
      "file_path": "./porcelain/imgs/test_23.png",
      "sharpness": 201.46839871630073,
      "transform_matrix": [
        [
          0.9574802951937987,
          -0.024254765716614637,
          0.28747728721507454,
          1.130149669409208
        ],
        [
          0.28845378171200703,
          0.06290720864301118,
          -0.9554250880716864,
          -3.867686564649593
        ],
        [
          0.005089217983989213,
          0.9977246060159386,
          0.06722879159682461,
          0.2539614990931421
        ],
        [
          0.0,
          0.0,
          0.0,
          1.0
        ]
      ]
    },
    {
      "file_path": "./porcelain/imgs/test_18.png",
      "sharpness": 224.54241431351693,
      "transform_matrix": [
        [
          -0.546414081551167,
          -0.06261052841553888,
          0.8351715831031573,
          3.3749870694453974
        ],
        [
          0.8375078660987717,
          -0.045011388023344936,
          0.5445682226965678,
          2.1618756014273846
        ],
        [
          0.0034965280117844905,
          0.9970225156377548,
          0.07703166629473375,
          0.2995807378404047
        ],
        [
          0.0,
          0.0,
          0.0,
          1.0
        ]
      ]
    },
    {
      "file_path": "./porcelain/imgs/test_26.png",
      "sharpness": 195.86249415198108,
      "transform_matrix": [
        [
          -0.7401745112208855,
          0.04146026911090463,
          -0.6711354103555285,
          -2.6568070135541744
        ],
        [
          -0.672389512038837,
          -0.05429640299789411,
          0.7382033898064049,
          2.980183416965662
        ],
        [
          -0.005834127506865223,
          0.9976637443124985,
          0.06806626366649865,
          0.27836546891724795
        ],
        [
          0.0,
          0.0,
          0.0,
          1.0
        ]
      ]
    },
    {
      "file_path": "./porcelain/imgs/test_24.png",
      "sharpness": 189.67297331975715,
      "transform_matrix": [
        [
          0.8484576001109759,
          -0.039860895983643924,
          0.527760182084834,
          2.085755475188432
        ],
        [
          0.5292308310905534,
          0.05284194990863239,
          -0.8468308306580842,
          -3.4018914074710875
        ],
        [
          0.005867558551107194,
          0.9978070140614006,
          0.06592976911410063,
          0.2667913213421288
        ],
        [
          0.0,
          0.0,
          0.0,
          1.0
        ]
      ]
    },
    {
      "file_path": "./porcelain/imgs/test_25.png",
      "sharpness": 188.37304017919814,
      "transform_matrix": [
        [
          0.7997321649764025,
          -0.044561480393129224,
          0.598700875877297,
          2.361526982236153
        ],
        [
          0.6003256173654888,
          0.04916908542421091,
          -0.7982427914947293,
          -3.2009428762330208
        ],
        [
          0.006133305992588395,
          0.997795908747183,
          0.06607349736393921,
          0.27053861678020497
        ],
        [
          0.0,
          0.0,
          0.0,
          1.0
        ]
      ]
    },
    {
      "file_path": "./porcelain/imgs/test_27.png",
      "sharpness": 185.74375843792222,
      "transform_matrix": [
        [
          -0.05311999928318543,
          0.06880934611892292,
          -0.9962146051789,
          -4.007630424121136
        ],
        [
          -0.9985767506177158,
          -0.008424192302620924,
          0.05266408747730422,
          0.24638066603197303
        ],
        [
          -0.004768521985443568,
          0.9975942596465018,
          0.06915890634864043,
          0.2647233098299528
        ],
        [
          0.0,
          0.0,
          0.0,
          1.0
        ]
      ]
    },
    {
      "file_path": "./porcelain/imgs/test_3.png",
      "sharpness": 193.80445897526806,
      "transform_matrix": [
        [
          -0.0662804917062126,
          0.06912462492547847,
          -0.9954037787033997,
          -4.007455565245691
        ],
        [
          -0.9977905017665608,
          -0.009174503688762624,
          0.06580230289666653,
          0.29747941077640544
        ],
        [
          -0.004583776132557791,
          0.9975658448041884,
          0.0695799848044701,
          0.2652517211794991
        ],
        [
          0.0,
          0.0,
          0.0,
          1.0
        ]
      ]
    },
    {
      "file_path": "./porcelain/imgs/test_28.png",
      "sharpness": 207.94376386642398,
      "transform_matrix": [
        [
          0.27465172053313824,
          -0.06603589514800465,
          0.9592735235422174,
          3.802489395740678
        ],
        [
          0.9615258810878268,
          0.012775472623086587,
          -0.2744171410417731,
          -1.1303317194389368
        ],
        [
          0.005866208914584329,
          0.9977354598590624,
          0.06700402780216327,
          0.27787115992484407
        ],
        [
          0.0,
          0.0,
          0.0,
          1.0
        ]
      ]
    },
    {
      "file_path": "./porcelain/imgs/test_32.png",
      "sharpness": 184.84172783592658,
      "transform_matrix": [
        [
          0.09510558699252195,
          0.06565490063464452,
          -0.9932997338942414,
          -3.9839836789980287
        ],
        [
          -0.9954583348102419,
          0.0020636629140854358,
          -0.09517586328580462,
          -0.3545184435908453
        ],
        [
          -0.004198926023437482,
          0.9978402554151389,
          0.06555298393069414,
          0.25657300929755733
        ],
        [
          0.0,
          0.0,
          0.0,
          1.0
        ]
      ]
    },
    {
      "file_path": "./porcelain/imgs/test_33.png",
      "sharpness": 166.4139008064376,
      "transform_matrix": [
        [
          0.5670674956636732,
          0.05276443954681058,
          -0.8219795431091637,
          -3.2918186023134006
        ],
        [
          -0.823669847013285,
          0.034434350276584,
          -0.5660231962050162,
          -2.235252285116566
        ],
        [
          -0.0015615652106445732,
          0.9980131208803052,
          0.0629870786254116,
          0.2545847620056562
        ],
        [
          0.0,
          0.0,
          0.0,
          1.0
        ]
      ]
    },
    {
      "file_path": "./porcelain/imgs/test_29.png",
      "sharpness": 196.03607976972125,
      "transform_matrix": [
        [
          0.34186237448102824,
          -0.06564166284435137,
          0.9374546863833656,
          3.7122097460579058
        ],
        [
          0.939729615944418,
          0.017303580586964077,
          -0.3414803581698844,
          -1.389935707939928
        ],
        [
          0.0061940158264942105,
          0.9976932184829236,
          0.06760085776115868,
          0.28061715268851195
        ],
        [
          0.0,
          0.0,
          0.0,
          1.0
        ]
      ]
    },
    {
      "file_path": "./porcelain/imgs/test_30.png",
      "sharpness": 206.10761281452142,
      "transform_matrix": [
        [
          0.2000284831704534,
          -0.06867786797983871,
          0.9773801493682915,
          3.8730995300926265
        ],
        [
          0.9797727726859605,
          0.008091059022389125,
          -0.19994961532137695,
          -0.8303350580101531
        ],
        [
          0.005824072807810713,
          0.9976060771780401,
          0.06890714739625807,
          0.28535766811639884
        ],
        [
          0.0,
          0.0,
          0.0,
          1.0
        ]
      ]
    },
    {
      "file_path": "./porcelain/imgs/test_31.png",
      "sharpness": 229.93530445336364,
      "transform_matrix": [
        [
          -0.6346420707118365,
          -0.059302641485562954,
          0.7705275068447203,
          3.1208019678135304
        ],
        [
          0.7728006483452865,
          -0.05248354475535965,
          0.632475007764752,
          2.5225720373599385
        ],
        [
          0.002932576256668831,
          0.9968594054587833,
          0.07913738531046992,
          0.30564244458582396
        ],
        [
          0.0,
          0.0,
          0.0,
          1.0
        ]
      ]
    },
    {
      "file_path": "./porcelain/imgs/test_34.png",
      "sharpness": 169.32839574333047,
      "transform_matrix": [
        [
          0.7358133716155647,
          0.041813413968789015,
          -0.6758922403556071,
          -2.7109343472299847
        ],
        [
          -0.6771842570196044,
          0.04483626591305346,
          -0.7344461799912811,
          -2.912708724757162
        ],
        [
          -0.0004052179446176758,
          0.9981189045800842,
          0.06130650966404341,
          0.24888073819008383
        ],
        [
          0.0,
          0.0,
          0.0,
          1.0
        ]
      ]
    },
    {
      "file_path": "./porcelain/imgs/test_35.png",
      "sharpness": 180.25480683460773,
      "transform_matrix": [
        [
          0.8328175697226926,
          0.03490730345616622,
          -0.5524458124879906,
          -2.2225640470127184
        ],
        [
          -0.5535474802177318,
          0.051999844703060155,
          -0.831192639100864,
          -3.2975909249679733
        ],
        [
          -0.0002875972273940032,
          0.9980368211269408,
          0.06262923416091669,
          0.25275666662592444
        ],
        [
          0.0,
          0.0,
          0.0,
          1.0
        ]
      ]
    },
    {
      "file_path": "./porcelain/imgs/test_36.png",
      "sharpness": 199.9395978255052,
      "transform_matrix": [
        [
          -0.8540687135520026,
          0.031834447520274,
          -0.519185131231256,
          -2.0407330547113545
        ],
        [
          -0.5201339102906098,
          -0.062302250168840535,
          0.8518093360545551,
          3.4296915933326724
        ],
        [
          -0.005229522324003874,
          0.9975494963077581,
          0.06976857832375807,
          0.28545088645637623
        ],
        [
          0.0,
          0.0,
          0.0,
          1.0
        ]
      ]
    },
    {
      "file_path": "./porcelain/imgs/test_37.png",
      "sharpness": 163.28617604052124,
      "transform_matrix": [
        [
          0.8657558437340798,
          0.03023632332629372,
          -0.4995523834403289,
          -2.010111926345763
        ],
        [
          -0.500466130405116,
          0.053675019759773804,
          -0.8640906460384373,
          -3.426255516872662
        ],
        [
          0.0006865598953575424,
          0.998100574598766,
          0.061601717752354415,
          0.2506221783098414
        ],
        [
          0.0,
          0.0,
          0.0,
          1.0
        ]
      ]
    },
    {
      "file_path": "./porcelain/imgs/test_39.png",
      "sharpness": 173.35689332871698,
      "transform_matrix": [
        [
          0.6810357843483137,
          0.04683771674228707,
          -0.7307506337570687,
          -2.9257329495648716
        ],
        [
          -0.732249578701177,
          0.042331503198252116,
          -0.6797194997415689,
          -2.6893176743880534
        ],
        [
          -0.0009027366030925125,
          0.9980051463475761,
          0.06312616683512962,
          0.25618234410075263
        ],
        [
          0.0,
          0.0,
          0.0,
          1.0
        ]
      ]
    },
    {
      "file_path": "./porcelain/imgs/test_40.png",
      "sharpness": 197.61065024392155,
      "transform_matrix": [
        [
          -0.6890797302255861,
          0.04458233470552219,
          -0.7233128927603508,
          -2.8566857149306975
        ],
        [
          -0.7246616092282071,
          -0.05050104375415757,
          0.687251916469156,
          2.7703659573377974
        ],
        [
          -0.0058887610781972926,
          0.9977284500408121,
          0.06710635201707986,
          0.27911552521549
        ],
        [
          0.0,
          0.0,
          0.0,
          1.0
        ]
      ]
    },
    {
      "file_path": "./porcelain/imgs/test_38.png",
      "sharpness": 184.60244908019376,
      "transform_matrix": [
        [
          0.9765092373691621,
          0.01136866967701185,
          -0.2151754230654129,
          -0.8911371925081519
        ],
        [
          -0.21546555817182264,
          0.061132108936784196,
          -0.9745960488831495,
          -3.896212265838292
        ],
        [
          0.002074266855080176,
          0.9980649370735353,
          0.0621456258342564,
          0.24500660808879274
        ],
        [
          0.0,
          0.0,
          0.0,
          1.0
        ]
      ]
    },
    {
      "file_path": "./porcelain/imgs/test_42.png",
      "sharpness": 195.79418907767104,
      "transform_matrix": [
        [
          -0.7310611687979964,
          0.04169988038652457,
          -0.6810364802713352,
          -2.695767818934549
        ],
        [
          -0.6822909728721156,
          -0.05250052820687126,
          0.7291931999650204,
          2.944075222611772
        ],
        [
          -0.005347505725185121,
          0.9977498757317101,
          0.06683254947100017,
          0.2744234969052061
        ],
        [
          0.0,
          0.0,
          0.0,
          1.0
        ]
      ]
    },
    {
      "file_path": "./porcelain/imgs/test_4.png",
      "sharpness": 201.59085847796814,
      "transform_matrix": [
        [
          0.12378086355993108,
          -0.06759832559448294,
          0.9900044263547978,
          3.9224002462372685
        ],
        [
          0.9922949428332436,
          0.0030136803575652607,
          -0.1238614716458566,
          -0.5272570788358663
        ],
        [
          0.0053892711953203165,
          0.9977080655765204,
          0.06745051258855352,
          0.2822127154842653
        ],
        [
          0.0,
          0.0,
          0.0,
          1.0
        ]
      ]
    },
    {
      "file_path": "./porcelain/imgs/test_6.png",
      "sharpness": 178.2134115761146,
      "transform_matrix": [
        [
          0.9678242211656294,
          0.013895292125944403,
          -0.2512433039720478,
          -1.0315177529648518
        ],
        [
          -0.2516196238538318,
          0.061220946590804404,
          -0.9658879648231405,
          -3.8472892545695787
        ],
        [
          0.001960057461618537,
          0.9980275129294506,
          0.06274744313133702,
          0.25117569162210657
        ],
        [
          0.0,
          0.0,
          0.0,
          1.0
        ]
      ]
    },
    {
      "file_path": "./porcelain/imgs/test_7.png",
      "sharpness": 197.31512994399236,
      "transform_matrix": [
        [
          0.939725878237093,
          0.019552511529626854,
          -0.34136926205111423,
          -1.3844552295235766
        ],
        [
          -0.3419261841410904,
          0.05760770734156158,
          -0.9379594003226199,
          -3.7234233245043584
        ],
        [
          0.001326038554515538,
          0.9981478103751068,
          0.06082096903247427,
          0.24806479645337634
        ],
        [
          0.0,
          0.0,
          0.0,
          1.0
        ]
      ]
    },
    {
      "file_path": "./porcelain/imgs/test_41.png",
      "sharpness": 230.2875292973913,
      "transform_matrix": [
        [
          -0.1730397741673455,
          -0.0696104553064366,
          0.9824518416070364,
          3.904621511757965
        ],
        [
          0.9849040908577149,
          -0.016889429749788725,
          0.17227500972128898,
          0.6472602241042554
        ],
        [
          0.004600909496752867,
          0.9974312666463149,
          0.07148216530749628,
          0.2946869173890683
        ],
        [
          0.0,
          0.0,
          0.0,
          1.0
        ]
      ]
    },
    {
      "file_path": "./porcelain/imgs/test_43.png",
      "sharpness": 228.36907825780509,
      "transform_matrix": [
        [
          -0.5639364931698868,
          -0.06191510225808061,
          0.8234938687036679,
          3.325712127872298
        ],
        [
          0.8258130107443519,
          -0.04580154106939958,
          0.5620810351906758,
          2.2372714665529196
        ],
        [
          0.0029159834766712476,
          0.9970299589064198,
          0.07695945745874379,
          0.29951218933543794
        ],
        [
          0.0,
          0.0,
          0.0,
          1.0
        ]
      ]
    },
    {
      "file_path": "./porcelain/imgs/test_5.png",
      "sharpness": 225.48559420503443,
      "transform_matrix": [
        [
          0.8895798726379566,
          -0.035998675291420784,
          0.4553589195169136,
          1.8053432897811998
        ],
        [
          0.45674740954817566,
          0.05825819034322899,
          -0.8876867618304145,
          -3.5860543457140195
        ],
        [
          0.005427160891922515,
          0.9976522834355078,
          0.06826761523216994,
          0.26615643755023494
        ],
        [
          0.0,
          0.0,
          0.0,
          1.0
        ]
      ]
    },
    {
      "file_path": "./porcelain/imgs/test_9.png",
      "sharpness": 173.8308428467717,
      "transform_matrix": [
        [
          0.80870355620339,
          0.03658666965335739,
          -0.5870774853429297,
          -2.363692668935832
        ],
        [
          -0.5882163794505129,
          0.050676934955835765,
          -0.8071142045643952,
          -3.202637846651758
        ],
        [
          0.00022166676382952331,
          0.9980447203788275,
          0.06250349587592215,
          0.2514345783106785
        ],
        [
          0.0,
          0.0,
          0.0,
          1.0
        ]
      ]
    },
    {
      "file_path": "./porcelain/imgs/test_8.png",
      "sharpness": 209.32618146430468,
      "transform_matrix": [
        [
          0.4697235014281046,
          -0.061338267170397164,
          0.8806801060518892,
          3.4848277432401304
        ],
        [
          0.8827931883961597,
          0.025854046021433954,
          -0.46904984258143545,
          -1.9022746279909717
        ],
        [
          0.006001560568465954,
          0.9977821331802684,
          0.06629325746932173,
          0.27456776571984476
        ],
        [
          0.0,
          0.0,
          0.0,
          1.0
        ]
      ]
    },
    {
      "file_path": "./porcelain/imgs/train_1.png",
      "sharpness": 174.80537726693728,
      "transform_matrix": [
        [
          0.018092178722283674,
          0.06587611476878111,
          -0.9976637763199415,
          -4.003630189219445
        ],
        [
          -0.9998262318935676,
          -0.00329106115670255,
          -0.018348703877398228,
          -0.043617629858529794
        ],
        [
          -0.004492113824181622,
          0.997822382204544,
          0.06580512513442538,
          0.255453571148698
        ],
        [
          0.0,
          0.0,
          0.0,
          1.0
        ]
      ]
    },
    {
      "file_path": "./porcelain/imgs/train_100.png",
      "sharpness": 178.32184345083078,
      "transform_matrix": [
        [
          0.8394702019757246,
          0.03306630879992932,
          -0.5423987455978265,
          -2.183341916116357
        ],
        [
          -0.5434054159202047,
          0.05214331969568277,
          -0.837849406611778,
          -3.323779574879869
        ],
        [
          0.000577883987382215,
          0.9980920265398147,
          0.06174117440299108,
          0.25009461899814944
        ],
        [
          0.0,
          0.0,
          0.0,
          1.0
        ]
      ]
    },
    {
      "file_path": "./porcelain/imgs/train_10.png",
      "sharpness": 192.3608189822262,
      "transform_matrix": [
        [
          -0.8270201974003356,
          0.0348036650333451,
          -0.561093840637254,
          -2.2093690628247624
        ],
        [
          -0.5621478041656374,
          -0.06049800370187566,
          0.824821094431902,
          3.31890580059123
        ],
        [
          -0.005238260164927229,
          0.9975613747821335,
          0.06959787483926301,
          0.2859451182550698
        ],
        [
          0.0,
          0.0,
          0.0,
          1.0
        ]
      ]
    },
    {
      "file_path": "./porcelain/imgs/train_0.png",
      "sharpness": 235.3692406080081,
      "transform_matrix": [
        [
          -0.6549829926775802,
          -0.0569080440976931,
          0.7534976800422207,
          3.0531731870539445
        ],
        [
          0.7556388130112361,
          -0.05288341193994632,
          0.6528501581623195,
          2.6043308609991853
        ],
        [
          0.0026951026195793926,
          0.996977842917011,
          0.07763966230819927,
          0.3009738956089256
        ],
        [
          0.0,
          0.0,
          0.0,
          1.0
        ]
      ]
    },
    {
      "file_path": "./porcelain/imgs/train_101.png",
      "sharpness": 185.66172125305457,
      "transform_matrix": [
        [
          0.3633703377752787,
          0.06048032573893609,
          -0.9296795834224321,
          -3.7164401526832873
        ],
        [
          -0.9316386433959659,
          0.019966907497094684,
          -0.36283709944868453,
          -1.4188442624243665
        ],
        [
          -0.0033816797206939887,
          0.9979696652766697,
          0.06360119054511539,
          0.25601825733532924
        ],
        [
          0.0,
          0.0,
          0.0,
          1.0
        ]
      ]
    },
    {
      "file_path": "./porcelain/imgs/train_103.png",
      "sharpness": 201.48154881503433,
      "transform_matrix": [
        [
          -0.9525316965741377,
          0.017423850761300392,
          -0.30394041596199856,
          -1.1779620739796972
        ],
        [
          -0.30439083013583706,
          -0.07234553313760618,
          0.9497959498567333,
          3.8175863952740774
        ],
        [
          -0.005439628550845344,
          0.9972274230427857,
          0.07421507381651979,
          0.29838377443462766
        ],
        [
          0.0,
          0.0,
          0.0,
          1.0
        ]
      ]
    },
    {
      "file_path": "./porcelain/imgs/train_102.png",
      "sharpness": 207.5209206933505,
      "transform_matrix": [
        [
          -0.7149428659202433,
          0.04328856882953313,
          -0.6978415280616024,
          -2.761359323520748
        ],
        [
          -0.6991599472267443,
          -0.05234641697252117,
          0.7130464366533503,
          2.877843468327243
        ],
        [
          -0.005662743856932124,
          0.9976903088873441,
          0.06769033086936802,
          0.27793073462872275
        ],
        [
          0.0,
          0.0,
          0.0,
          1.0
        ]
      ]
    },
    {
      "file_path": "./porcelain/imgs/train_105.png",
      "sharpness": 182.6617190172983,
      "transform_matrix": [
        [
          0.9601866397803962,
          0.015966571779164624,
          -0.2789026449888275,
          -1.1403784142348512
        ],
        [
          -0.27935453998559256,
          0.06070402730897393,
          -0.9582672185032279,
          -3.811587788235381
        ],
        [
          0.0016302714500946928,
          0.998028100637941,
          0.0627475303174566,
          0.25222589883921254
        ],
        [
          0.0,
          0.0,
          0.0,
          1.0
        ]
      ]
    },
    {
      "file_path": "./porcelain/imgs/train_104.png",
      "sharpness": 196.8625350733637,
      "transform_matrix": [
        [
          0.9175258103916433,
          -0.03161935021114213,
          0.39641720947291964,
          1.5701992301178882
        ],
        [
          0.3976429305863536,
          0.06004603028596037,
          -0.9155733580667362,
          -3.704686465890954
        ],
        [
          0.00514655488681673,
          0.9976946882428557,
          0.06766699368012168,
          0.2619781819306032
        ],
        [
          0.0,
          0.0,
          0.0,
          1.0
        ]
      ]
    },
    {
      "file_path": "./porcelain/imgs/train_107.png",
      "sharpness": 184.78956674039364,
      "transform_matrix": [
        [
          -0.042966855473462254,
          0.06845624291775237,
          -0.9967284445350313,
          -4.010502566389511
        ],
        [
          -0.999066281890441,
          -0.0074557406597752516,
          0.04255556744812271,
          0.20427400143937394
        ],
        [
          -0.004518154527942916,
          0.9976262600521887,
          0.06871267381540372,
          0.26108880921408545
        ],
        [
          0.0,
          0.0,
          0.0,
          1.0
        ]
      ]
    },
    {
      "file_path": "./porcelain/imgs/train_108.png",
      "sharpness": 168.99009729729732,
      "transform_matrix": [
        [
          0.9127700848096864,
          0.025515310090395576,
          -0.4076760248486806,
          -1.6472298284085294
        ],
        [
          -0.40847290034766953,
          0.059004016155279955,
          -0.9108613592414141,
          -3.6163247140137034
        ],
        [
          0.000813612725888012,
          0.9979316083968002,
          0.06427941354606097,
          0.2580319339199543
        ],
        [
          0.0,
          0.0,
          0.0,
          1.0
        ]
      ]
    },
    {
      "file_path": "./porcelain/imgs/train_11.png",
      "sharpness": 203.3862009383156,
      "transform_matrix": [
        [
          -0.16382028679321833,
          0.0681737382698045,
          -0.9841317264747744,
          -3.9648013035777843
        ],
        [
          -0.9864771544067515,
          -0.01645143122282544,
          0.16307107114471364,
          0.6898893971335488
        ],
        [
          -0.00507321088870385,
          0.997537814736843,
          0.0699469135147495,
          0.26477177440578903
        ],
        [
          0.0,
          0.0,
          0.0,
          1.0
        ]
      ]
    },
    {
      "file_path": "./porcelain/imgs/train_110.png",
      "sharpness": 178.94035819894634,
      "transform_matrix": [
        [
          0.7181433467059511,
          0.04451271012348534,
          -0.6944701233518603,
          -2.786922846530938
        ],
        [
          -0.6958946789603092,
          0.04471103261676485,
          -0.7167506674967756,
          -2.8385090421784844
        ],
        [
          -0.0008540383565448199,
          0.9980077866473308,
          0.06308508871911875,
          0.25477028608796237
        ],
        [
          0.0,
          0.0,
          0.0,
          1.0
        ]
      ]
    },
    {
      "file_path": "./porcelain/imgs/train_111.png",
      "sharpness": 208.93777739883808,
      "transform_matrix": [
        [
          -0.5395229109671568,
          0.053772617355025094,
          -0.840252065854781,
          -3.364066406471746
        ],
        [
          -0.8419543457754218,
          -0.04071758449347643,
          0.5380101838654197,
          2.1954267798065814
        ],
        [
          -0.0052828187371582805,
          0.9977226989222558,
          0.06724215857925381,
          0.26800249175577245
        ],
        [
          0.0,
          0.0,
          0.0,
          1.0
        ]
      ]
    },
    {
      "file_path": "./porcelain/imgs/train_106.png",
      "sharpness": 185.96346694194654,
      "transform_matrix": [
        [
          0.587022207251084,
          -0.05756829901088643,
          0.8075214047639674,
          3.1886458609802895
        ],
        [
          0.8095480806396461,
          0.034264126432405256,
          -0.5860527917965198,
          -2.36201599114437
        ],
        [
          0.006069046844600749,
          0.997753406708153,
          0.06671810909783309,
          0.2763066970348402
        ],
        [
          0.0,
          0.0,
          0.0,
          1.0
        ]
      ]
    },
    {
      "file_path": "./porcelain/imgs/train_109.png",
      "sharpness": 234.60220516227128,
      "transform_matrix": [
        [
          0.020698089112893635,
          -0.07082140195861177,
          0.9972742441979557,
          3.9601377876760466
        ],
        [
          0.9997741652958906,
          -0.0033401809913885007,
          -0.020987176986322253,
          -0.12036477945543911
        ],
        [
          0.004817417770996203,
          0.9974834195235923,
          0.07073627266444292,
          0.2906768160700289
        ],
        [
          0.0,
          0.0,
          0.0,
          1.0
        ]
      ]
    },
    {
      "file_path": "./porcelain/imgs/train_113.png",
      "sharpness": 165.43328398629092,
      "transform_matrix": [
        [
          0.44379959080378767,
          0.057219390476612564,
          -0.8942974139316227,
          -3.5746652204422755
        ],
        [
          -0.8961223280001135,
          0.025455530234726874,
          -0.4430765049516066,
          -1.7396420296681303
        ],
        [
          -0.0025877526886642467,
          0.9980370520891821,
          0.06257272730251476,
          0.2536976281945651
        ],
        [
          0.0,
          0.0,
          0.0,
          1.0
        ]
      ]
    },
    {
      "file_path": "./porcelain/imgs/train_112.png",
