{
  "camera_angle_x": 0.10876138908887395,
  "camera_angle_y": 0.06121953227088921,
  "fl_x": 17635.918375683606,
  "fl_y": 17635.918375683606,
  "k1": -2.188796548335941,
  "k2": 0,
  "k3": 0,
  "k4": 0,
  "p1": 0,
  "p2": 0,
  "is_fisheye": false,
  "cx": 960.0,
  "cy": 540.0,
  "w": 1920.0,
  "h": 1080.0,
  "aabb_scale": 32,
  "frames": [
    {
      "sharpness": 7.91137260447384,
      "transform_matrix": [
        [
          3.689024505250192e-05,
          -0.9999173315386504,
          -0.012858021921522104,
          -0.08363779835456527
        ],
        [
          0.9998692073974922,
          -0.00017107073930825166,
          0.01617216228934378,
          0.25830130093518
        ],
        [
          -0.016173024992886788,
          -0.012856936782401768,
          0.9997865434377242,
          4.252669846298475
        ],
        [
          0.0,
          0.0,
          0.0,
          1.0
        ]
      ],
      "w": 1920.0,
      "h": 1080.0,
      "fl_x": 17635.918375683606,
      "fl_y": 17635.918375683606,
      "k1": -2.188796548335941,
      "k2": 0,
      "k3": 0,
      "k4": 0,
      "p1": 0,
      "p2": 0,
      "cx": 960.0,
      "cy": 540.0,
      "is_fisheye": false,
      "camera_angle_x": 0.10876138908887395,
      "camera_angle_y": 0.06121953227088921,
      "fovx": 6.231568568772679,
      "fovy": 3.5076208228868957,
      "file_path": "db/final/train_0000.png"
    },
    {
      "sharpness": 7.537149798941904,
      "transform_matrix": [
        [
          -3.4115774282803144e-05,
          -0.9999248862520108,
          -0.012256455034690356,
          -0.0698769045820142
        ],
        [
          0.99989518413377,
          -0.00021156159684583448,
          0.014476739542615868,
          0.22706425098911226
        ],
        [
          -0.014478245135648967,
          -0.0122546764785604,
          0.9998200854764813,
          3.8846828735723884
        ],
        [
          0.0,
          0.0,
          0.0,
          1.0
        ]
      ],
      "w": 1920.0,
      "h": 1080.0,
      "fl_x": 17210.147452370245,
      "fl_y": 17210.147452370245,
      "k1": -2.0836260987585655,
      "k2": 0,
      "k3": 0,
      "k4": 0,
      "p1": 0,
      "p2": 0,
      "cx": 960.0,
      "cy": 540.0,
      "is_fisheye": false,
      "camera_angle_x": 0.1114465950304207,
      "camera_angle_y": 0.06273309337202827,
      "fovx": 6.3854195363467605,
      "fovy": 3.594341486017338,
      "file_path": "db/final/train_0001.png"
    },
    {
      "sharpness": 7.639715143326471,
      "transform_matrix": [
        [
          -7.527257697478466e-05,
          -0.9999215619763104,
          -0.012524545057402402,
          -0.08100549009432509
        ],
        [
          0.9999294883963248,
          -0.00022398872807220967,
          0.011872997284359872,
          0.19489838330728904
        ],
        [
          -0.011874871346834704,
          -0.01252276822054309,
          0.9998510727636345,
          4.452470990013616
        ],
        [
          0.0,
          0.0,
          0.0,
          1.0
        ]
      ],
      "w": 1920.0,
      "h": 1080.0,
      "fl_x": 17861.16361476784,
      "fl_y": 17861.16361476784,
      "k1": -2.071340255354931,
      "k2": 0,
      "k3": 0,
      "k4": 0,
      "p1": 0,
      "p2": 0,
      "cx": 960.0,
      "cy": 540.0,
      "is_fisheye": false,
      "camera_angle_x": 0.1073924624404722,
      "camera_angle_y": 0.06044797232114645,
      "fovx": 6.153134849356269,
      "fovy": 3.46341369412531,
      "file_path": "db/final/train_0002.png"
    },
    {
      "sharpness": 7.612333326294661,
      "transform_matrix": [
        [
          -0.00013654147746733296,
          -0.9999211304480825,
          -0.012558433017452417,
          -0.0770012885755733
        ],
        [
          0.9999432448258988,
          -0.00027030917440987764,
          0.010650542709311567,
          0.17207214292316597
        ],
        [
          -0.010653097365441235,
          -0.012556266020562715,
          0.9998644166586504,
          4.090944654690555
        ],
        [
          0.0,
          0.0,
          0.0,
          1.0
        ]
      ],
      "w": 1920.0,
      "h": 1080.0,
      "fl_x": 17447.2492309851,
      "fl_y": 17447.2492309851,
      "k1": -2.0213641553434125,
      "k2": 0,
      "k3": 0,
      "k4": 0,
      "p1": 0,
      "p2": 0,
      "cx": 960.0,
      "cy": 540.0,
      "is_fisheye": false,
      "camera_angle_x": 0.10993514606076125,
      "camera_angle_y": 0.0618811211512734,
      "fovx": 6.298819889435878,
      "fovy": 3.545527073505696,
      "file_path": "db/final/test_0000.png"
    },
    {
      "sharpness": 7.840623389028868,
      "transform_matrix": [
        [
          -0.0003272337846321028,
          -0.9999190863709853,
          -0.012716667372556703,
          -0.08457225444105874
        ],
        [
          0.9999658279435037,
          -0.00043224220508678105,
          0.008255671501417908,
          0.1392305672505664
        ],
        [
          -0.008260500185423243,
          -0.012713531283250715,
          0.9998850585237266,
          4.486461306783152
        ],
        [
          0.0,
          0.0,
          0.0,
          1.0
        ]
      ],
      "w": 1920.0,
      "h": 1080.0,
      "fl_x": 17899.52085155361,
      "fl_y": 17899.52085155361,
      "k1": -1.9842996262174026,
      "k2": 0,
      "k3": 0,
      "k4": 0,
      "p1": 0,
      "p2": 0,
      "cx": 960.0,
      "cy": 540.0,
      "is_fisheye": false,
      "camera_angle_x": 0.10716276969985895,
      "camera_angle_y": 0.060318515785704956,
      "fovx": 6.139974424734337,
      "fovy": 3.4559963810141268,
      "file_path": "db/final/train_0003.png"
    },
    {
      "sharpness": 7.631749165800538,
      "transform_matrix": [
        [
          -0.00022127558766229567,
          -0.9999167063783652,
          -0.0129047023428028,
          -0.08542895041004621
        ],
        [
          0.9999760275949533,
          -0.0003105606807179609,
          0.006917209515462384,
          0.11745745517155173
        ],
        [
          -0.00692064104917428,
          -0.012902862376450714,
          0.9998928046895642,
          4.331031033314941
        ],
        [
          0.0,
          0.0,
          0.0,
          1.0
        ]
      ],
      "w": 1920.0,
      "h": 1080.0,
      "fl_x": 17715.3675434082,
      "fl_y": 17715.3675434082,
      "k1": -1.876936487678138,
      "k2": 0,
      "k3": 0,
      "k4": 0,
      "p1": 0,
      "p2": 0,
      "cx": 960.0,
      "cy": 540.0,
      "is_fisheye": false,
      "camera_angle_x": 0.10827457501640163,
      "camera_angle_y": 0.0609451476897709,
      "fovx": 6.203676177012439,
      "fovy": 3.4918997444253517,
      "file_path": "db/final/train_0004.png"
    },
    {
      "sharpness": 7.850869142578337,
      "transform_matrix": [
        [
          -0.0002697116282676538,
          -0.9999152973940971,
          -0.013012505251170524,
          -0.08531686163020241
        ],
        [
          0.9999836811465037,
          -0.00034394089993866226,
          0.005702556036116104,
          0.09814777579385184
        ],
        [
          -0.005706548547526083,
          -0.013010754856329921,
          0.9998990726877104,
          4.20447124876683
        ],
        [
          0.0,
          0.0,
          0.0,
          1.0
        ]
      ],
      "w": 1920.0,
      "h": 1080.0,
      "fl_x": 17572.548968711075,
      "fl_y": 17572.548968711075,
      "k1": -1.9725547743150955,
      "k2": 0,
      "k3": 0,
      "k4": 0,
      "p1": 0,
      "p2": 0,
      "cx": 960.0,
      "cy": 540.0,
      "is_fisheye": false,
      "camera_angle_x": 0.10915282299498885,
      "camera_angle_y": 0.061440161022795245,
      "fovx": 6.253996079551383,
      "fovy": 3.520261919210351,
      "file_path": "db/final/train_0005.png"
    },
    {
      "sharpness": 7.531774397874831,
      "transform_matrix": [
        [
          -0.00035324707076480065,
          -0.9999159054028858,
          -0.012963693101665041,
          -0.08566440551157864
        ],
        [
          0.9999908783137924,
          -0.00040839523977006105,
          0.004251647038293633,
          0.07624480767736097
        ],
        [
          -0.004256583808301436,
          -0.012962072969062273,
          0.9999069287481847,
          4.274333998674534
        ],
        [
          0.0,
          0.0,
          0.0,
          1.0
        ]
      ],
      "w": 1920.0,
      "h": 1080.0,
      "fl_x": 17659.54121842667,
      "fl_y": 17659.54121842667,
      "k1": -2.162820968270286,
      "k2": 0,
      "k3": 0,
      "k4": 0,
      "p1": 0,
      "p2": 0,
      "cx": 960.0,
      "cy": 540.0,
      "is_fisheye": false,
      "camera_angle_x": 0.10861618707123677,
      "camera_angle_y": 0.061137691072086706,
      "fovx": 6.223249105985285,
      "fovy": 3.5029316676052216,
      "file_path": "db/final/train_0006.png"
    },
    {
      "sharpness": 7.790004776746594,
      "transform_matrix": [
        [
          -0.00032012364338058656,
          -0.9999160330476196,
          -0.012954704750188267,
          -0.0857312696405917
        ],
        [
          0.9999955052909032,
          -0.0003587145485611047,
          0.002976696468145481,
          0.05654491653438166
        ],
        [
          -0.0029810935650810954,
          -0.012953693611640359,
          0.9999116535489382,
          4.289258499242892
        ],
        [
          0.0,
          0.0,
          0.0,
          1.0
        ]
      ],
      "w": 1920.0,
      "h": 1080.0,
      "fl_x": 17684.860993840113,
      "fl_y": 17684.860993840113,
      "k1": -2.3807182457599536,
      "k2": 0,
      "k3": 0,
      "k4": 0,
      "p1": 0,
      "p2": 0,
      "cx": 960.0,
      "cy": 540.0,
      "is_fisheye": false,
      "camera_angle_x": 0.10846098399787889,
      "camera_angle_y": 0.061050213398168386,
      "fovx": 6.214356624914419,
      "fovy": 3.49791956608808,
      "file_path": "db/final/train_0007.png"
    },
    {
      "sharpness": 7.66528648776505,
      "transform_matrix": [
        [
          -0.0002888401754112683,
          -0.9999175171996277,
          -0.01284038039487502,
          -0.08499688217230146
        ],
        [
          0.9999988346611811,
          -0.00030806482670468554,
          0.0014952499264076673,
          0.033918639733774694
        ],
        [
          -0.00149908226356765,
          -0.012839933543230268,
          0.9999164409384278,
          4.369882860890468
        ],
        [
          0.0,
          0.0,
          0.0,
          1.0
        ]
      ],
      "w": 1920.0,
      "h": 1080.0,
      "fl_x": 17767.040380140057,
      "fl_y": 17767.040380140057,
      "k1": -2.1584019698676955,
      "k2": 0,
      "k3": 0,
      "k4": 0,
      "p1": 0,
      "p2": 0,
      "cx": 960.0,
      "cy": 540.0,
      "is_fisheye": false,
      "camera_angle_x": 0.10796028651038898,
      "camera_angle_y": 0.06076800687587053,
      "fovx": 6.185668772068444,
      "fovy": 3.4817503234093485,
      "file_path": "db/final/train_0008.png"
    },
    {
      "sharpness": 7.753262966710099,
      "transform_matrix": [
        [
          -0.00029857090021753404,
          -0.9999163041922368,
          -0.012934274852329126,
          -0.0894558184776114
        ],
        [
          0.9999999531138917,
          -0.00029942579979164256,
          6.415921249793724e-05,
          0.011664044304389843
        ],
        [
          -6.802669823320533e-05,
          -0.012934255089817482,
          0.9999163467098834,
          4.596239840485147
        ],
        [
          0.0,
          0.0,
          0.0,
          1.0
        ]
      ],
      "w": 1920.0,
      "h": 1080.0,
      "fl_x": 18025.846147254644,
      "fl_y": 18025.846147254644,
      "k1": -2.1133184798588545,
      "k2": 0,
      "k3": 0,
      "k4": 0,
      "p1": 0,
      "p2": 0,
      "cx": 960.0,
      "cy": 540.0,
      "is_fisheye": false,
      "camera_angle_x": 0.1064131935585844,
      "camera_angle_y": 0.05989605666709651,
      "fovx": 6.097026875415604,
      "fovy": 3.431791256501046,
      "file_path": "db/final/train_0009.png"
    },
    {
      "sharpness": 7.773050464601871,
      "transform_matrix": [
        [
          -0.00032200054816506496,
          -0.9999163963906329,
          -0.012926582874750306,
          -0.09000669239155533
        ],
        [
          0.9999995848636211,
          -0.0003109548883461672,
          -0.00085649264024745,
          -0.0026648649891461563
        ],
        [
          0.0008524014502368134,
          -0.012926853299555159,
          0.9999160814166054,
          4.629707150778194
        ],
        [
          0.0,
          0.0,
          0.0,
          1.0
        ]
      ],
      "w": 1920.0,
      "h": 1080.0,
      "fl_x": 18059.26238325217,
      "fl_y": 18059.26238325217,
      "k1": -1.8925650143114865,
      "k2": 0,
      "k3": 0,
      "k4": 0,
      "p1": 0,
      "p2": 0,
      "cx": 960.0,
      "cy": 540.0,
      "is_fisheye": false,
      "camera_angle_x": 0.10621666063320835,
      "camera_angle_y": 0.05978529314251288,
      "fovx": 6.085766368256197,
      "fovy": 3.4254449740184105,
      "file_path": "db/final/test_0001.png"
    },
    {
      "sharpness": 8.028775856352729,
      "transform_matrix": [
        [
          -0.0004910936784261326,
          -0.9999158285603522,
          -0.012965130985202938,
          -0.09118918976230231
        ],
        [
          0.9999985135984831,
          -0.000469623427962416,
          -0.00165899206154571,
          -0.015172316601493133
        ],
        [
          0.0016527636925382728,
          -0.01296592643432656,
          0.9999145729130446,
          4.658839160803364
        ],
        [
          0.0,
          0.0,
          0.0,
          1.0
        ]
      ],
      "w": 1920.0,
      "h": 1080.0,
      "fl_x": 18090.80987257926,
      "fl_y": 18090.80987257926,
      "k1": -1.8336947180224894,
      "k2": 0,
      "k3": 0,
      "k4": 0,
      "p1": 0,
      "p2": 0,
      "cx": 960.0,
      "cy": 540.0,
      "is_fisheye": false,
      "camera_angle_x": 0.10603178288417496,
      "camera_angle_y": 0.05968109905252654,
      "fovx": 6.075173653510704,
      "fovy": 3.4194750924119868,
      "file_path": "db/final/train_0010.png"
    },
    {
      "sharpness": 7.438775418547122,
      "transform_matrix": [
        [
          -0.0004727314710583405,
          -0.9999149168156771,
          -0.013035937037797783,
          -0.09265999648265558
        ],
        [
          0.9999965232174158,
          -0.0004388713627824983,
          -0.002600181725799157,
          -0.02994083801706784
        ],
        [
          0.0025942393946051835,
          -0.013037120902411178,
          0.9999116477972138,
          4.679171934563999
        ],
        [
          0.0,
          0.0,
          0.0,
          1.0
        ]
      ],
      "w": 1920.0,
      "h": 1080.0,
      "fl_x": 18115.39571936265,
      "fl_y": 18115.39571936265,
      "k1": -1.8537887807208,
      "k2": 0,
      "k3": 0,
      "k4": 0,
      "p1": 0,
      "p2": 0,
      "cx": 960.0,
      "cy": 540.0,
      "is_fisheye": false,
      "camera_angle_x": 0.10588814765157639,
      "camera_angle_y": 0.05960014905544477,
      "fovx": 6.066943960893426,
      "fovy": 3.4148369992276058,
      "file_path": "db/final/test_0002.png"
    },
    {
      "sharpness": 7.716883463942612,
      "transform_matrix": [
        [
          -0.00027686146349898723,
          -0.9999144237946369,
          -0.013079313252962207,
          -0.09379371842246714
        ],
        [
          0.9999947631422402,
          -0.00023466283249166305,
          -0.003227788941319507,
          -0.039753651814234445
        ],
        [
          0.0032244434906952097,
          -0.013080138408829269,
          0.9999092523541229,
          4.720167721327568
        ],
        [
          0.0,
          0.0,
          0.0,
          1.0
        ]
      ],
      "w": 1920.0,
      "h": 1080.0,
      "fl_x": 18159.813762720223,
      "fl_y": 18159.813762720223,
      "k1": -1.8360217508696994,
      "k2": 0,
      "k3": 0,
      "k4": 0,
      "p1": 0,
      "p2": 0,
      "cx": 960.0,
      "cy": 540.0,
      "is_fisheye": false,
      "camera_angle_x": 0.1056296322155793,
      "camera_angle_y": 0.059454455891119,
      "fovx": 6.0521321174718095,
      "fovy": 3.4064893958078324,
      "file_path": "db/final/test_0003.png"
    },
    {
      "sharpness": 7.868270958585181,
      "transform_matrix": [
        [
          -0.0003007127695409855,
          -0.9999134865127253,
          -0.013150249495594485,
          -0.09497058629185143
        ],
        [
          0.9999920185630949,
          -0.00024829357453637753,
          -0.003987625911217879,
          -0.05157824331262741
        ],
        [
          0.003984015805341044,
          -0.013151343667739502,
          0.9999055804313705,
          4.73847018969308
        ],
        [
          0.0,
          0.0,
          0.0,
          1.0
        ]
      ],
      "w": 1920.0,
      "h": 1080.0,
      "fl_x": 18177.963000499007,
      "fl_y": 18177.963000499007,
      "k1": -1.782582411042017,
      "k2": 0,
      "k3": 0,
      "k4": 0,
      "p1": 0,
      "p2": 0,
      "cx": 960.0,
      "cy": 540.0,
      "is_fisheye": false,
      "camera_angle_x": 0.10552436521827939,
      "camera_angle_y": 0.05939513029956286,
      "fovx": 6.046100762804509,
      "fovy": 3.4030902897945485,
      "file_path": "db/final/train_0011.png"
    },
    {
      "sharpness": 7.979944437031105,
      "transform_matrix": [
        [
          -0.00016652827829276848,
          -0.999910514974214,
          -0.013376633071692895,
          -0.10024838504232168
        ],
        [
          0.9999889819897276,
          -0.0001037579287943872,
          -0.004693094228762393,
          -0.06348920314107097
        ],
        [
          0.004691286335362554,
          -0.013377267220714086,
          0.9998995152285179,
          4.867085380832407
        ],
        [
          0.0,
          0.0,
          0.0,
          1.0
        ]
      ],
      "w": 1920.0,
      "h": 1080.0,
      "fl_x": 18331.514632296243,
      "fl_y": 18331.514632296243,
      "k1": -1.8726011496426138,
      "k2": 0,
      "k3": 0,
      "k4": 0,
      "p1": 0,
      "p2": 0,
      "cx": 960.0,
      "cy": 540.0,
      "is_fisheye": false,
      "camera_angle_x": 0.10464207265558219,
      "camera_angle_y": 0.05889790325209119,
      "fovx": 5.995549122666178,
      "fovy": 3.3746012785146715,
      "file_path": "db/final/train_0012.png"
    },
    {
      "sharpness": 7.886712307273658,
      "transform_matrix": [
        [
          -0.00025750091504383245,
          -0.9999114809770006,
          -0.013302778042966933,
          -0.09858081603484987
        ],
        [
          0.999985701856631,
          -0.00018641996286354297,
          -0.005344280110413136,
          -0.07359125435554446
        ],
        [
          0.005341327136570375,
          -0.013303963994957951,
          0.9998972321026002,
          4.826592945751099
        ],
        [
          0.0,
          0.0,
          0.0,
          1.0
        ]
      ],
      "w": 1920.0,
      "h": 1080.0,
      "fl_x": 18277.815020671398,
      "fl_y": 18277.815020671398,
      "k1": -1.709219811676296,
      "k2": 0,
      "k3": 0,
      "k4": 0,
      "p1": 0,
      "p2": 0,
      "cx": 960.0,
      "cy": 540.0,
      "is_fisheye": false,
      "camera_angle_x": 0.10494894435102937,
      "camera_angle_y": 0.05907084286119753,
      "fovx": 6.013131575667326,
      "fovy": 3.3845099882271064,
      "file_path": "db/final/test_0004.png"
    },
    {
      "sharpness": 8.003800343789287,
      "transform_matrix": [
        [
          -0.0001661581357021998,
          -0.9999105376169385,
          -0.013374945012184102,
          -0.09997387484179689
        ],
        [
          0.9999827529849659,
          -8.761897257019765e-05,
          -0.0058724829096997565,
          -0.0820897806262679
        ],
        [
          0.005870785644444015,
          -0.013375690095118613,
          0.9998933067034684,
          4.851679603037549
        ],
        [
          0.0,
          0.0,
          0.0,
          1.0
        ]
      ],
      "w": 1920.0,
      "h": 1080.0,
      "fl_x": 18305.466555338324,
      "fl_y": 18305.466555338324,
      "k1": -1.6713538417674456,
      "k2": 0,
      "k3": 0,
      "k4": 0,
      "p1": 0,
      "p2": 0,
      "cx": 960.0,
      "cy": 540.0,
      "is_fisheye": false,
      "camera_angle_x": 0.10479070270832985,
      "camera_angle_y": 0.058981664481156215,
      "fovx": 6.004064997397426,
      "fovy": 3.379400443426926,
      "file_path": "db/final/train_0013.png"
    },
    {
      "sharpness": 7.579709430040252,
      "transform_matrix": [
        [
          -0.00015389441828028287,
          -0.9999103638409246,
          -0.013388076785625782,
          -0.10035705305894649
        ],
        [
          0.9999802009022158,
          -6.96559127096117e-05,
          -0.006292293033376846,
          -0.08880937738051625
        ],
        [
          0.006290796457689629,
          -0.01338878006256038,
          0.9998905772375117,
          4.863035969660892
        ],
        [
          0.0,
          0.0,
          0.0,
          1.0
        ]
      ],
      "w": 1920.0,
      "h": 1080.0,
      "fl_x": 18323.678247299362,
      "fl_y": 18323.678247299362,
      "k1": -1.7925040448973153,
      "k2": 0,
      "k3": 0,
      "k4": 0,
      "p1": 0,
      "p2": 0,
      "cx": 960.0,
      "cy": 540.0,
      "is_fisheye": false,
      "camera_angle_x": 0.10468674266644758,
      "camera_angle_y": 0.05892307721914898,
      "fovx": 5.9981085257595685,
      "fovy": 3.3760436405806837,
      "file_path": "db/final/train_0014.png"
    },
    {
      "sharpness": 7.791666956907858,
      "transform_matrix": [
        [
          -6.522201993563094e-05,
          -0.9999106049399903,
          -0.013370784368585053,
          -0.10009943491879995
        ],
        [
          0.9999773508922228,
          2.4771211607122104e-05,
          -0.0067303112081949605,
          -0.09588675892652962
        ],
        [
          0.006730040762149566,
          -0.013370920496740615,
          0.999887956241303,
          4.857615704205933
        ],
        [
          0.0,
          0.0,
          0.0,
          1.0
        ]
      ],
      "w": 1920.0,
      "h": 1080.0,
      "fl_x": 18315.430963537616,
      "fl_y": 18315.430963537616,
      "k1": -1.7544008921268364,
      "k2": 0,
      "k3": 0,
      "k4": 0,
      "p1": 0,
      "p2": 0,
      "cx": 960.0,
      "cy": 540.0,
      "is_fisheye": false,
      "camera_angle_x": 0.10473379610815993,
      "camera_angle_y": 0.058949594421911805,
      "fovx": 6.000804489381251,
      "fovy": 3.377562964383486,
      "file_path": "db/final/train_0015.png"
    },
    {
      "sharpness": 7.793762178981451,
      "transform_matrix": [
        [
          -3.0191198178146375e-05,
          -0.9999112850576197,
          -0.013319951310395563,
          -0.09846765461295202
        ],
        [
          0.9999748657226054,
          6.424967140859323e-05,
          -0.0070896963995049555,
          -0.10147695636686396
        ],
        [
          0.00708992323999225,
          -0.013319830569473463,
          0.9998861510702364,
          4.796631861638233
        ],
        [
          0.0,
          0.0,
          0.0,
          1.0
        ]
      ],
      "w": 1920.0,
      "h": 1080.0,
      "fl_x": 18250.496322366103,
      "fl_y": 18250.496322366103,
      "k1": -1.8730125638914523,
      "k2": 0,
      "k3": 0,
      "k4": 0,
      "p1": 0,
      "p2": 0,
      "cx": 960.0,
      "cy": 540.0,
      "is_fisheye": false,
      "camera_angle_x": 0.1051057508558115,
      "camera_angle_y": 0.05915921295681622,
      "fovx": 6.02211592659154,
      "fovy": 3.389573221741225,
      "file_path": "db/final/train_0016.png"
    },
    {
      "sharpness": 7.933147409920444,
      "transform_matrix": [
        [
          -0.00014478317896106518,
          -0.999910646182094,
          -0.013367074831021212,
          -0.09975645788045373
        ],
        [
          0.9999726794318201,
          -4.597697774780187e-05,
          -0.00739177083409057,
          -0.10659649001164918
        ],
        [
          0.007390495773443398,
          -0.01336777983902144,
          0.9998833347118045,
          4.830101004257988
        ],
        [
          0.0,
          0.0,
          0.0,
          1.0
        ]
      ],
      "w": 1920.0,
      "h": 1080.0,
      "fl_x": 18279.126718561114,
      "fl_y": 18279.126718561114,
      "k1": -1.628474402236525,
      "k2": 0,
      "k3": 0,
      "k4": 0,
      "p1": 0,
      "p2": 0,
      "cx": 960.0,
      "cy": 540.0,
      "is_fisheye": false,
      "camera_angle_x": 0.10494142710086278,
      "camera_angle_y": 0.0590666064415537,
      "fovx": 6.012700868959236,
      "fovy": 3.384267259261269,
      "file_path": "db/final/train_0017.png"
    },
    {
      "sharpness": 7.779524445385695,
      "transform_matrix": [
        [
          -0.00018732146220316095,
          -0.9999101537574454,
          -0.013403332549464728,
          -0.10062089001075056
        ],
        [
          0.9999695570031051,
          -8.274436662258501e-05,
          -0.0078024496399213585,
          -0.11324225960434611
        ],
        [
          0.007800639568876053,
          -0.013404386078128864,
          0.9998797289955351,
          4.847679570097773
        ],
        [
          0.0,
          0.0,
          0.0,
          1.0
        ]
      ],
      "w": 1920.0,
      "h": 1080.0,
      "fl_x": 18293.98628233486,
      "fl_y": 18293.98628233486,
      "k1": -1.4996416854956858,
      "k2": 0,
      "k3": 0,
      "k4": 0,
      "p1": 0,
      "p2": 0,
      "cx": 960.0,
      "cy": 540.0,
      "is_fisheye": false,
      "camera_angle_x": 0.10485634303635263,
      "camera_angle_y": 0.059018656566827934,
      "fovx": 6.007825911158986,
      "fovy": 3.3815199338113016,
      "file_path": "db/final/train_0018.png"
    },
    {
      "sharpness": 7.843347908928432,
      "transform_matrix": [
        [
          -4.625257610232985e-05,
          -0.9999098266821692,
          -0.01342893760255902,
          -0.10064949439672188
        ],
        [
          0.9999678686079296,
          6.140225603186976e-05,
          -0.008016107626330806,
          -0.11655486347990834
        ],
        [
          0.008016209354374958,
          -0.01342887687772786,
          0.9998776953474808,
          4.814667587114025
        ],
        [
          0.0,
          0.0,
          0.0,
          1.0
        ]
      ],
      "w": 1920.0,
      "h": 1080.0,
      "fl_x": 18260.15199167187,
      "fl_y": 18260.15199167187,
      "k1": -1.5507637760435724,
      "k2": 0,
      "k3": 0,
      "k4": 0,
      "p1": 0,
      "p2": 0,
      "cx": 960.0,
      "cy": 540.0,
      "is_fisheye": false,
      "camera_angle_x": 0.10505027484951523,
      "camera_angle_y": 0.05912794876337442,
      "fovx": 6.018937385566522,
      "fovy": 3.387781915407129,
      "file_path": "db/final/train_0019.png"
    },
    {
      "sharpness": 7.504614854728839,
      "transform_matrix": [
        [
          -2.7855180441122788e-05,
          -0.9999088394077468,
          -0.013502299742700976,
          -0.10186992434545529
        ],
        [
          0.999965806170195,
          8.380646418275916e-05,
          -0.008269187799806487,
          -0.1209844630394773
        ],
        [
          0.008269565555748976,
          -0.013502068387079862,
          0.9998746463606274,
          4.836969814485272
        ],
        [
          0.0,
          0.0,
          0.0,
          1.0
        ]
      ],
      "w": 1920.0,
      "h": 1080.0,
      "fl_x": 18280.43234273781,
      "fl_y": 18280.43234273781,
      "k1": -1.4544112464638235,
      "k2": 0,
      "k3": 0,
      "k4": 0,
      "p1": 0,
      "p2": 0,
      "cx": 960.0,
      "cy": 540.0,
      "is_fisheye": false,
      "camera_angle_x": 0.10493394572708747,
      "camera_angle_y": 0.059062390241534236,
      "fovx": 6.012272217816951,
      "fovy": 3.3840256887945706,
      "file_path": "db/final/train_0020.png"
    },
    {
      "sharpness": 7.758605868469341,
      "transform_matrix": [
        [
          5.112067999393571e-06,
          -0.9999097359343411,
          -0.013435771566353371,
          -0.09782327045409973
        ],
        [
          0.9999655762350662,
          0.00011659297409360249,
          -0.00829655054527111,
          -0.1200438354401079
        ],
        [
          0.00829736818145411,
          -0.01343526664398072,
          0.9998753158726674,
          4.63618808643361
        ],
        [
          0.0,
          0.0,
          0.0,
          1.0
        ]
      ],
      "w": 1920.0,
      "h": 1080.0,
      "fl_x": 18044.97594046028,
      "fl_y": 18044.97594046028,
      "k1": -1.3714121742983383,
      "k2": 0,
      "k3": 0,
      "k4": 0,
      "p1": 0,
      "p2": 0,
      "cx": 960.0,
      "cy": 540.0,
      "is_fisheye": false,
      "camera_angle_x": 0.10630059552777071,
      "camera_angle_y": 0.05983259771359077,
      "fovx": 6.090575483468495,
      "fovy": 3.4281553262928504,
      "file_path": "db/final/train_0021.png"
    },
    {
      "sharpness": 7.826926868953044,
      "transform_matrix": [
        [
          1.087473639388442e-05,
          -0.9999077463473031,
          -0.013583028984649253,
          -0.10099613378063521
        ],
        [
          0.9999642033586119,
          0.00012580205085854597,
          -0.008460270398808941,
          -0.1233071049359141
        ],
        [
          0.008461198680864986,
          -0.013582450754621316,
          0.9998719543763497,
          4.690735632513442
        ],
        [
          0.0,
          0.0,
          0.0,
          1.0
        ]
      ],
      "w": 1920.0,
      "h": 1080.0,
      "fl_x": 18111.352477673237,
      "fl_y": 18111.352477673237,
      "k1": -1.4811480229984881,
      "k2": 0,
      "k3": 0,
      "k4": 0,
      "p1": 0,
      "p2": 0,
      "cx": 960.0,
      "cy": 540.0,
      "is_fisheye": false,
      "camera_angle_x": 0.10591174232781773,
      "camera_angle_y": 0.05961344652283451,
      "fovx": 6.068295836261033,
      "fovy": 3.41559888798725,
      "file_path": "db/final/train_0022.png"
    },
    {
      "sharpness": 7.8883208911848675,
      "transform_matrix": [
        [
          -6.421569425665449e-05,
          -0.9999069884350358,
          -0.013638561328891166,
          -0.10175466388951399
        ],
        [
          0.9999624026903047,
          5.405489257806455e-05,
          -0.00867123312461851,
          -0.12663847220180754
        ],
        [
          0.008671163830622972,
          -0.013638605384932242,
          0.9998693911511526,
          4.689182944546573
        ],
        [
          0.0,
          0.0,
          0.0,
          1.0
        ]
      ],
      "w": 1920.0,
      "h": 1080.0,
      "fl_x": 18108.494235248752,
      "fl_y": 18108.494235248752,
      "k1": -1.495675832294457,
      "k2": 0,
      "k3": 0,
      "k4": 0,
      "p1": 0,
      "p2": 0,
      "cx": 960.0,
      "cy": 540.0,
      "is_fisheye": false,
      "camera_angle_x": 0.10592842818044816,
      "camera_angle_y": 0.059622850328198335,
      "fovx": 6.069251865194334,
      "fovy": 3.41613768634596,
      "file_path": "db/final/test_0005.png"
    },
    {
      "sharpness": 7.944325886083999,
      "transform_matrix": [
        [
          -0.00010431467634129999,
          -0.9999064570409542,
          -0.013677217781965689,
          -0.10289107754771236
        ],
        [
          0.9999607408805155,
          1.6884124058040767e-05,
          -0.008860948742504782,
          -0.12993442088484533
        ],
        [
          0.008860350790981256,
          -0.01367760515343872,
          0.9998671998326215,
          4.723170569155816
        ],
        [
          0.0,
          0.0,
          0.0,
          1.0
        ]
      ],
      "w": 1920.0,
      "h": 1080.0,
      "fl_x": 18143.88964570769,
      "fl_y": 18143.88964570769,
      "k1": -1.4191177565304798,
      "k2": 0,
      "k3": 0,
      "k4": 0,
      "p1": 0,
      "p2": 0,
      "cx": 960.0,
      "cy": 540.0,
      "is_fisheye": false,
      "camera_angle_x": 0.10572216630454874,
      "camera_angle_y": 0.05950660575109418,
      "fovx": 6.057433930230846,
      "fovy": 3.4094773626866086,
      "file_path": "db/final/train_0023.png"
    },
    {
      "sharpness": 8.131662766128537,
      "transform_matrix": [
        [
          -0.00027343504434731194,
          -0.9999065994572437,
          -0.013664464685000814,
          -0.10265581249733736
        ],
        [
          0.9999588721514895,
          -0.00014952612062162242,
          -0.00906816670889753,
          -0.132824934936577
        ],
        [
          0.009065276542810396,
          -0.01366638224953347,
          0.999865516335778,
          4.7118278331673675
        ],
        [
          0.0,
          0.0,
          0.0,
          1.0
        ]
      ],
      "w": 1920.0,
      "h": 1080.0,
      "fl_x": 18114.784085324212,
      "fl_y": 18114.784085324212,
      "k1": -1.0791818113917977,
      "k2": 0,
      "k3": 0,
      "k4": 0,
      "p1": 0,
      "p2": 0,
      "cx": 960.0,
      "cy": 540.0,
      "is_fisheye": false,
      "camera_angle_x": 0.10589171621909199,
      "camera_angle_y": 0.05960216022493413,
      "fovx": 6.067148424750978,
      "fovy": 3.414952230751231,
      "file_path": "db/final/train_0024.png"
    },
    {
      "sharpness": 7.769138621370288,
      "transform_matrix": [
        [
          0.00014910904183969037,
          -0.9999965787506956,
          -0.0026115614863450563,
          0.09930488676656929
        ],
        [
          0.9999981586573202,
          0.00014411174295142699,
          0.001913612754572803,
          0.02286290795833994
        ],
        [
          -0.001913229850948876,
          -0.0026118420145297173,
          0.9999947589026797,
          -5.08530976670638
        ],
        [
          0.0,
          0.0,
          0.0,
          1.0
        ]
      ],
      "w": 1920.0,
      "h": 1080.0,
      "fl_x": 7117.38417083494,
      "fl_y": 7117.38417083494,
      "k1": 2.187708213738455,
      "k2": 0,
      "k3": 0,
      "k4": 0,
      "p1": 0,
      "p2": 0,
      "cx": 960.0,
      "cy": 540.0,
      "is_fisheye": false,
      "camera_angle_x": 0.26814374128952,
      "camera_angle_y": 0.1514509851411803,
      "fovx": 15.363504678737327,
      "fovy": 8.677502251688173,
      "file_path": "db/final/test_0006.png"
    },
    {
      "sharpness": 8.460139127759522,
      "transform_matrix": [
        [
          0.000232635737809614,
          -0.9999984237118672,
          -0.0017602427088461918,
          0.10478640794652899
        ],
        [
          0.9999986971532794,
          0.00022982333178851063,
          0.0015977712539591892,
          0.020777754475723637
        ],
        [
          -0.0015973641905672191,
          -0.0017606121142142669,
          0.9999971743323207,
          -5.139917326602081
        ],
        [
          0.0,
          0.0,
          0.0,
          1.0
        ]
      ],
      "w": 1920.0,
      "h": 1080.0,
      "fl_x": 7054.517247449489,
      "fl_y": 7054.517247449489,
      "k1": 2.1530706640217314,
      "k2": 0,
      "k3": 0,
      "k4": 0,
      "p1": 0,
      "p2": 0,
      "cx": 960.0,
      "cy": 540.0,
      "is_fisheye": false,
      "camera_angle_x": 0.27050441693591554,
      "camera_angle_y": 0.15279543081693583,
      "fovx": 15.49876143007511,
      "fovy": 8.75453331469358,
      "file_path": "db/final/train_0025.png"
    },
    {
      "sharpness": 7.916459369953971,
      "transform_matrix": [
        [
          0.00030241880316967843,
          -0.999997453052107,
          -0.0022366117603684955,
          0.10195441715595582
        ],
        [
          0.9999998835224363,
          0.0003015766965382135,
          0.00037683764412134023,
          0.013619169344601105
        ],
        [
          -0.00037616217434936614,
          -0.0022367254626427307,
          0.9999974277773035,
          -5.148570921529405
        ],
        [
          0.0,
          0.0,
          0.0,
          1.0
        ]
      ],
      "w": 1920.0,
      "h": 1080.0,
      "fl_x": 7037.371789004879,
      "fl_y": 7037.371789004879,
      "k1": 2.219106468834503,
      "k2": 0,
      "k3": 0,
      "k4": 0,
      "p1": 0,
      "p2": 0,
      "cx": 960.0,
      "cy": 540.0,
      "is_fisheye": false,
      "camera_angle_x": 0.27115542193444425,
      "camera_angle_y": 0.15316624096924486,
      "fovx": 15.536061268932725,
      "fovy": 8.77577917142149,
      "file_path": "db/final/train_0026.png"
    },
    {
      "sharpness": 7.966479796241141,
      "transform_matrix": [
        [
          0.0003698680817142197,
          -0.9999981968620382,
          -0.00186265140982488,
          0.10421167007213844
        ],
        [
          0.9999999299120103,
          0.0003697592520007831,
          5.877133879844535e-05,
          0.011869092357475892
        ],
        [
          -5.808250023357825e-05,
          -0.0018626730169177285,
          0.99999826353632,
          -5.140667995447544
        ],
        [
          0.0,
          0.0,
          0.0,
          1.0
        ]
      ],
      "w": 1920.0,
      "h": 1080.0,
      "fl_x": 7049.671782716251,
      "fl_y": 7049.671782716251,
      "k1": 2.1849328219804045,
      "k2": 0,
      "k3": 0,
      "k4": 0,
      "p1": 0,
      "p2": 0,
      "cx": 960.0,
      "cy": 540.0,
      "is_fisheye": false,
      "camera_angle_x": 0.2706880817995183,
      "camera_angle_y": 0.15290004341269667,
      "fovx": 15.509284651604395,
      "fovy": 8.760527174914584,
      "file_path": "db/final/train_0027.png"
    },
    {
      "sharpness": 7.701138458670576,
      "transform_matrix": [
        [
          0.00038673238888424705,
          -0.9999989742528083,
          -0.001379105286284052,
          0.10716602189066125
        ],
        [
          0.9999997498817284,
          0.00038754862895509583,
          -0.0005916439309476586,
          0.007994753217836955
        ],
        [
          0.0005921777944334423,
          -0.0013788761334738373,
          0.9999988740124004,
          -5.165389714265018
        ],
        [
          0.0,
          0.0,
          0.0,
          1.0
        ]
      ],
      "w": 1920.0,
      "h": 1080.0,
      "fl_x": 7020.8832897177335,
      "fl_y": 7020.8832897177335,
      "k1": 2.1828881141978784,
      "k2": 0,
      "k3": 0,
      "k4": 0,
      "p1": 0,
      "p2": 0,
      "cx": 960.0,
      "cy": 540.0,
      "is_fisheye": false,
      "camera_angle_x": 0.2717844267660487,
      "camera_angle_y": 0.15352454116165665,
      "fovx": 15.572100591076994,
      "fovy": 8.79630826024541,
      "file_path": "db/final/test_0007.png"
    },
    {
      "sharpness": 8.15070527985917,
      "transform_matrix": [
        [
          0.000414478635965651,
          -0.9999991193476663,
          -0.0012607582449817626,
          0.1077707960653018
        ],
        [
          0.9999990592760901,
          0.0004161264412548448,
          -0.0013070140472957953,
          0.0037277161624526293
        ],
        [
          0.0013075375311125915,
          -0.001260215329556826,
          0.9999983511001044,
